4.946999999999999731e-01
9.294089999999498586e-01
1.383293309999928500e+00
1.823420936400078407e+00
2.268849306236972119e+00
2.714388144615119902e+00
3.136547843606575459e+00
3.562315294530468801e+00
4.002741337180911962e+00
4.427161450361812634e+00
4.838474418075820793e+00
5.249166075304298573e+00
5.661778233088145207e+00
6.055083155596286737e+00
6.456617470258099623e+00
6.862909036990634704e+00
7.267181186706491047e+00
7.672131096808146644e+00
8.046076713313889073e+00
8.417687360315120770e+00
8.786808761252808964e+00
9.167785723250894137e+00
9.548159437987212783e+00
9.926157921286614894e+00
1.031090450683990056e+01
1.068651444129377026e+01
1.106722377257985102e+01
1.142773564219459637e+01
1.178788768604821691e+01
1.212897174711049253e+01
1.247522549189364582e+01
1.282006714866393970e+01
1.316015542426179508e+01
1.349203402253518291e+01
1.382656248193492310e+01
1.416689047677569846e+01
1.449866173385444057e+01
1.483745701465056399e+01
1.515573222230386108e+01
1.547325730245737674e+01
1.578606849676459767e+01
1.610416256104918986e+01
1.641796106401598365e+01
1.672875140247873915e+01
1.704298847589825883e+01
1.733378886157788656e+01
1.762344474956822538e+01
1.791488051914048185e+01
1.820550071749601884e+01
1.848288683252006237e+01
1.875949560641534219e+01
1.903178100695478392e+01
1.930608728506017968e+01
1.958228809096180001e+01
1.985305352329946871e+01
2.011996059181377206e+01
2.037878737821936070e+01
2.063231915184676168e+01
2.088437631340113754e+01
2.114502184123085726e+01
2.139972325826372668e+01
2.165204016664918640e+01
2.190006422080757886e+01
2.215479270031743297e+01
2.239851179158286243e+01
2.263693181906132423e+01
2.287250402285917517e+01
2.310133462720140685e+01
2.333651047419842683e+01
2.356798500274474861e+01
2.380140039847823630e+01
2.403155084873557712e+01
2.426061227291611289e+01
2.448152535708455702e+01
2.470964104324309218e+01
2.493081676478832520e+01
2.514106875862238155e+01
2.535461452953700245e+01
2.556415274277670235e+01
2.576680391119118951e+01
2.597405191148520842e+01
2.618511996993176894e+01
2.639245446303733544e+01
2.659871434326345963e+01
2.680175092435085205e+01
2.700220387246687892e+01
2.719833495288000691e+01
2.739417320600861672e+01
2.758421264466430145e+01
2.778314454153847635e+01
2.797045449849419541e+01
2.815416841187228059e+01
2.834028963864539463e+01
2.853083302960469680e+01
2.872180369016264478e+01
2.890047244998513065e+01
2.907617327614313041e+01
2.925860491859536339e+01
2.943865204820231796e+01
2.961471730165099814e+01
2.978872907669234138e+01
2.996183418962430522e+01
3.013177325823637176e+01
3.029479207218586367e+01
3.045888808888649635e+01
3.061963748915908923e+01
3.077688402842070658e+01
3.093201223659102794e+01
3.108893293124869928e+01
3.124491973498777853e+01
3.140146528245479729e+01
3.155985369112461925e+01
3.171130486446478258e+01
3.186002096198825129e+01
3.200804487119599173e+01
3.215600518259110174e+01
3.229921344951697648e+01
3.244185355829139894e+01
3.258890153337318907e+01
3.273048729015356884e+01
3.287395037367041084e+01
3.301082169973133063e+01
3.314875972112042035e+01
3.328337208938340552e+01
3.341382001459233209e+01
3.354689242782023939e+01
3.367919783830689795e+01
3.381132426725196893e+01
3.394226755774143811e+01
3.407458160900602451e+01
3.420524761464646701e+01
3.433273063321224328e+01
3.445819579609282357e+01
3.457541815252383088e+01
3.469404313145833640e+01
3.481184233905278091e+01
3.493017144996793633e+01
3.504431417788327963e+01
3.516298677970112863e+01
3.528158567958717384e+01
3.539821502151770716e+01
3.551513256990478595e+01
3.562672907291160129e+01
3.573561774077099074e+01
3.584870989610959668e+01
3.595545496592506396e+01
3.606228526413391933e+01
3.616886888901716901e+01
3.627664615920674152e+01
3.638200352465074161e+01
3.648426995999756883e+01
3.658290480748544127e+01
3.668220284771344097e+01
3.678012113353290147e+01
3.687703896392422820e+01
3.697475664295954090e+01
3.707231026580500810e+01
3.716558583182856523e+01
3.726085075369482524e+01
3.735508210633138759e+01
3.744851133936043652e+01
3.754011404590425371e+01
3.763054554641457372e+01
3.771678857859878775e+01
3.780372750149577854e+01
3.788850189723721229e+01
3.797584142791868800e+01
3.806150487680330485e+01
3.814910224011497064e+01
3.823854968191650272e+01
3.832561740828425911e+01
3.841027234250931599e+01
3.849225224536652945e+01
3.857337719973477164e+01
3.865306454117666846e+01
3.873415980831077121e+01
3.881342095818824589e+01
3.888935716421817546e+01
3.896550338501108257e+01
3.904270823214834962e+01
3.912054977935367361e+01
3.919723992033988225e+01
3.927435121653038408e+01
3.934598669556676498e+01
3.941709464375121286e+01
3.948886237424772361e+01
3.956131584720052530e+01
3.963121262863625560e+01
3.970202777866192889e+01
3.977304758976136867e+01
3.984313498526249475e+01
3.990947090514280404e+01
3.997778604951739112e+01
4.004444057687543790e+01
4.011015817473320055e+01
4.017383792936579567e+01
4.023840117015189577e+01
4.030175264719634498e+01
4.036883133962861336e+01
4.043088152237854160e+01
4.049267294842293552e+01
4.055413826793889598e+01
4.061568489570005625e+01
4.067718805869959908e+01
4.073687927689699251e+01
4.079378207350423935e+01
4.084952298788535785e+01
4.090764112171058997e+01
4.096537588065233138e+01
4.102427126896645149e+01
4.107943943105376405e+01
4.113580728559200850e+01
4.119344032796136190e+01
4.124963877904293241e+01
4.130416949993929165e+01
4.135670301135875349e+01
4.140849443939688257e+01
4.146087473825366487e+01
4.151249643756862895e+01
4.156536188776771468e+01
4.161812605679628518e+01
4.166852915254172274e+01
4.171842821733000761e+01
4.176770069764970117e+01
4.181823837702705049e+01
4.186767666976950153e+01
4.191573331646421252e+01
4.196318683057687338e+01
4.201128820874458114e+01
4.205767727087747687e+01
4.210253211038130416e+01
4.214858671278155811e+01
4.219430704157664280e+01
4.223973364129976460e+01
4.228464885521137262e+01
4.232964270406702667e+01
4.237156473784988719e+01
4.241281814645117265e+01
4.245489357494322746e+01
4.249823218077434461e+01
4.254015148574153926e+01
4.258026737327168121e+01
4.262137005307142346e+01
4.266380973391150633e+01
4.270458522267652768e+01
4.274625706619988819e+01
4.278520008159787125e+01
4.282506524059819242e+01
4.286420920111176969e+01
4.290291259564692439e+01
4.294173151903703456e+01
4.298065176557222600e+01
4.301882530510972913e+01
4.305684519714346692e+01
4.309531804027002266e+01
4.313270467380012718e+01
4.316961823151549282e+01
4.320478761027396786e+01
4.323893212840354039e+01
4.327324613498416284e+01
4.330682113900618901e+01
4.334052487164633760e+01
4.337406400466185374e+01
4.340749536411393450e+01
4.344143039900475145e+01
4.347461476472771125e+01
4.350639750928949212e+01
4.353852520533278181e+01
4.356960782883038519e+01
4.360056043970063655e+01
4.363064661855093362e+01
4.366037942734140387e+01
4.369061414957307932e+01
4.372130560909779007e+01
4.375109150652704670e+01
4.378111546186655545e+01
4.381012136427266057e+01
4.383928830655032272e+01
4.386747228579623936e+01
4.389515033600338256e+01
4.392244367948168815e+01
4.394968371939625484e+01
4.397624587468246204e+01
4.400283329927589904e+01
4.402931035987698039e+01
4.405617838477522241e+01
4.408207210164810874e+01
4.410728773845354311e+01
4.413243933022388177e+01
4.415840749116025421e+01
4.418372554430929711e+01
4.420872062824716409e+01
4.423305653126649162e+01
4.425724378278830073e+01
4.428093392499466319e+01
4.430505239622300451e+01
4.432948105048431842e+01
4.435261919790638530e+01
4.437563604442532039e+01
4.439860600662808565e+01
4.442206717035203667e+01
4.444451691467615007e+01
4.446669409657700811e+01
4.448861143919442895e+01
4.451065350034221524e+01
4.453310940954975905e+01
4.455462972582952119e+01
4.457635079374050235e+01
4.459730257382930318e+01
4.461771779828853113e+01
4.463819054556619648e+01
4.465825658770386752e+01
4.467797852136848036e+01
4.469840695842272993e+01
4.471791962311421997e+01
4.473783608919409005e+01
4.475723604311057358e+01
4.477678924246617953e+01
4.479648249729584109e+01
4.481591804550568980e+01
4.483533572613786333e+01
4.485455922996397504e+01
4.487295363332237486e+01
4.489114074091452977e+01
4.490927698064982820e+01
4.492683514941679590e+01
4.494475397967827490e+01
4.496303945677404812e+01
4.498057209262592693e+01
4.499746404887803664e+01
4.501349059466830482e+01
4.502974473336988126e+01
4.504634830373251475e+01
4.506318005763787937e+01
4.507997590943317334e+01
4.509622777773820701e+01
4.511202341390912096e+01
4.512736017404206734e+01
4.514317286062044587e+01
4.515867829772795261e+01
4.517403196116153197e+01
4.518909242867610487e+01
4.520394119869840921e+01
4.521858418238833366e+01
4.523381816963293289e+01
4.524860966532833828e+01
4.526339532679128297e+01
4.527801172686959319e+01
4.529253039888388344e+01
4.530670308694778470e+01
4.532087943131990926e+01
4.533469371221254107e+01
4.534833786273116374e+01
4.536195209033643749e+01
4.537547292704670099e+01
4.538917739518782213e+01
4.540214424297477791e+01
4.541526073187214507e+01
4.542795311266564795e+01
4.544058090906251124e+01
4.545324074249582225e+01
4.546556145983156227e+01
4.547757750638863428e+01
4.548978842907820308e+01
4.550148029642735992e+01
4.551366767624978138e+01
4.552529360981826301e+01
4.553688331655346389e+01
4.554819866186667809e+01
4.555936898753559916e+01
4.557049555847258659e+01
4.558147002178344565e+01
4.559263204559103144e+01
4.560351055922684083e+01
4.561436653879828640e+01
4.562516473015161722e+01
4.563605599503731014e+01
4.564678858605092415e+01
4.565765121218714739e+01
4.566779114115614391e+01
4.567798549409907594e+01
4.568776937345078437e+01
4.569766191187554227e+01
4.570797938419168105e+01
4.571808405464844327e+01
4.572797706040375942e+01
4.573754797994634913e+01
4.574681249369016456e+01
4.575663645805570212e+01
4.576586096010559856e+01
4.577503291397083274e+01
4.578405223350309683e+01
4.579266232351774590e+01
4.580153875050132228e+01
4.581027302754409902e+01
4.581902189031466577e+01
4.582787760812789912e+01
4.583633951839287590e+01
4.584514538107480774e+01
4.585340263558128981e+01
4.586200633576608965e+01
4.587026276454707130e+01
4.587855098573276535e+01
4.588679812647579581e+01
4.589484899049426048e+01
4.590289104322226166e+01
4.591080704518115141e+01
4.591845315270950323e+01
4.592635573109624403e+01
4.593433834565731644e+01
4.594185313768183931e+01
4.594943421377576698e+01
4.595671672372477445e+01
4.596401619490536206e+01
4.597121460133175930e+01
4.597830551509024133e+01
4.598520936026146444e+01
4.599224995261628379e+01
4.599922013904755147e+01
4.600635197448350766e+01
4.601325539542675358e+01
4.602032088966628010e+01
4.602709988327438850e+01
4.603366008130192455e+01
4.604015044634210341e+01
4.604661919093589262e+01
4.605314627011802031e+01
4.605946439153628091e+01
4.606577081273000829e+01
4.607205842981515787e+01
4.607841860664498057e+01
4.608459687445077435e+01
4.609068342784259897e+01
4.609682120354408852e+01
4.610289887697086186e+01
4.610873394089857413e+01
4.611447565137999760e+01
4.612004484802589133e+01
4.612565514534290401e+01
4.613136217403667416e+01
4.613706617030268831e+01
4.614278564541336891e+01
4.614847264160881224e+01
4.615412141064449969e+01
4.615962025659657542e+01
4.616498189094205173e+01
4.617007962324703385e+01
4.617538380862271197e+01
4.618052414514899340e+01
4.618560101142849561e+01
4.619074439913631380e+01
4.619578367016774223e+01
4.620049473811099006e+01
4.620524931903568699e+01
4.621006589286754718e+01
4.621473411998088210e+01
4.621925239579005051e+01
4.622389352085004788e+01
4.622848522830356899e+01
4.623310046550182761e+01
4.623773535615004704e+01
4.624226166719229525e+01
4.624687555822029594e+01
4.625134324483196480e+01
4.625571341999000907e+01
4.626004176147667124e+01
4.626432959364713327e+01
4.626855440753814719e+01
4.627256568294834693e+01
4.627674590138828847e+01
4.628082746882635945e+01
4.628492274215913937e+01
4.628904670966603163e+01
4.629310013356147380e+01
4.629716763196503138e+01
4.630102044119850291e+01
4.630489493462727069e+01
4.630877704658275462e+01
4.631264492661141219e+01
4.631640272082407250e+01
4.632015667690973260e+01
4.632395103240695278e+01
4.632770193295051797e+01
4.633144182644326747e+01
4.633511345401851145e+01
4.633878732716694060e+01
4.634237530089798440e+01
4.634599628035716279e+01
4.634955658819401947e+01
4.635315027530661780e+01
4.635651913131466983e+01
4.635983703673581147e+01
4.636312318721921599e+01
4.636633136016482837e+01
4.636965261221872225e+01
4.637290472444482958e+01
4.637610447952943815e+01
4.637913477345049529e+01
4.638216157999459455e+01
4.638528023654171051e+01
4.638833945344619991e+01
4.639137978678245844e+01
4.639430793220912363e+01
4.639725269857986945e+01
4.640022987076863359e+01
4.640309166727894308e+01
4.640599598458666719e+01
4.640883941329987294e+01
4.641165016371086693e+01
4.641446701944010300e+01
4.641711071627150176e+01
4.641979974635346196e+01
4.642247586367866319e+01
4.642506929218159684e+01
4.642775151880042728e+01
4.643045043584378107e+01
4.643306641882823271e+01
4.643571107356800809e+01
4.643829035133496319e+01
4.644082212301689339e+01
4.644340381359302228e+01
4.644594106620182572e+01
4.644844399221448583e+01
4.645085618715888387e+01
4.645323496804122954e+01
4.645576372362477713e+01
4.645816903627669348e+01
4.646059838181708557e+01
4.646302078994803253e+01
4.646542191956682188e+01
4.646768093530257460e+01
4.646992024783291697e+01
4.647212144778332998e+01
4.647433223183782758e+01
4.647652837793646086e+01
4.647869378079057157e+01
4.648083066595946633e+01
4.648295614830664135e+01
4.648505006098925918e+01
4.648713946205035086e+01
4.648915873986349823e+01
4.649118654488440683e+01
4.649316951626739325e+01
4.649515483550887751e+01
4.649709327903905631e+01
4.649901192012929130e+01
4.650087785501987980e+01
4.650280788719502567e+01
4.650469955634478225e+01
4.650661125755706138e+01
4.650857976773524882e+01
4.651047743221792530e+01
4.651238611984077664e+01
4.651417697843809407e+01
4.651595527441094191e+01
4.651780273567254653e+01
4.651959354826009729e+01
4.652127678858818172e+01
4.652295530117051925e+01
4.652462901223879044e+01
4.652628706472165732e+01
4.652791501197551582e+01
4.652954112627616468e+01
4.653120225753003325e+01
4.653285748308211822e+01
4.653448658349061873e+01
4.653600631365347340e+01
4.653755273217342392e+01
4.653904553705032754e+01
4.654057431852471893e+01
4.654206667854569446e+01
4.654358145322880347e+01
4.654509223336158641e+01
4.654657118545863170e+01
4.654800567750424278e+01
4.654944808689649705e+01
4.655082770741952913e+01
4.655221777534617900e+01
4.655363564463151249e+01
4.655502596957099826e+01
4.655637827962262065e+01
4.655770600462456343e+01
4.655897347693645827e+01
4.656027734800959905e+01
4.656157750148101115e+01
4.656288534627933728e+01
4.656417734426057820e+01
4.656545505191910905e+01
4.656669529166386212e+01
4.656798920820336463e+01
4.656922152067011211e+01
4.657049179442387299e+01
4.657173529106962206e+01
4.657297977031571889e+01
4.657420056497731764e+01
4.657535781394297913e+01
4.657648646550668303e+01
4.657764249713546434e+01
4.657880120072394448e+01
4.657993592783520143e+01
4.658106676320396389e+01
4.658216795683316036e+01
4.658326143853570045e+01
4.658436008710990706e+01
4.658545213865892975e+01
4.658654058854017421e+01
4.658758622773677160e+01
4.658862611795563424e+01
4.658967003413435037e+01
4.659067802574850248e+01
4.659169834043368752e+01
4.659267206125594640e+01
4.659363583169373157e+01
4.659458954233744521e+01
4.659555210208235820e+01
4.659652427279943510e+01
4.659746378685391477e+01
4.659839390576822638e+01
4.659932455785855154e+01
4.660022543791302496e+01
4.660112970173180713e+01
4.660202044388501719e+01
4.660288916869967579e+01
4.660372401208964277e+01
4.660457507136796096e+01
4.660541649765274030e+01
4.660626376977361218e+01
4.660709963566743141e+01
4.660792550930591460e+01
4.660874995264037324e+01
4.660956775262950913e+01
4.661036839251647734e+01
4.661117549775549662e+01
4.661197832946910324e+01
4.661278236085611582e+01
4.661356735524071127e+01
4.661436845046907251e+01
4.661517463398347871e+01
4.661596224974203295e+01
4.661671988751184870e+01
4.661748137197545105e+01
4.661823317096141750e+01
4.661898849002315615e+01
4.661973531923578662e+01
4.662047483470494313e+01
4.662117635437906671e+01
4.662188691501246751e+01
4.662256997569198802e+01
4.662327233452318609e+01
4.662395855736133399e+01
4.662465188640533853e+01
4.662533064753660028e+01
4.662600889585154107e+01
4.662669095040053691e+01
4.662735919585055910e+01
4.662798588876138695e+01
4.662861110937978992e+01
4.662924282604605253e+01
4.662987695267479182e+01
4.663049304099884296e+01
4.663111612760791758e+01
4.663172230073809743e+01
4.663231557656761339e+01
4.663291160210155795e+01
4.663349029080071517e+01
4.663408772051874251e+01
4.663467211415530755e+01
4.663526035336708730e+01
4.663582170357048540e+01
4.663636710210288072e+01
4.663692989640844644e+01
4.663747198193055965e+01
4.663805915209601949e+01
4.663858941084567533e+01
4.663911974003498528e+01
4.663962801580691320e+01
4.664014936007181689e+01
4.664066360518040710e+01
4.664118017526315185e+01
4.664169766779247794e+01
4.664220481916849792e+01
4.664269421917003200e+01
4.664318684774110579e+01
4.664367256579873811e+01
4.664416273165936389e+01
4.664464410637837233e+01
4.664510263038376792e+01
4.664556710253467742e+01
4.664604560114277376e+01
4.664649768400600749e+01
4.664694563539381278e+01
4.664738997455307157e+01
4.664783807483983935e+01
4.664828207191300891e+01
4.664871012815964946e+01
4.664914436401245723e+01
4.664955904490379623e+01
4.664997465962925105e+01
4.665039914189065229e+01
4.665083031652891776e+01
