5.150000000000000133e-01
9.052579999999558202e-01
1.303570639999935832e+00
1.699646691800110521e+00
2.093298936697912449e+00
2.485106837256685797e+00
2.876480135362830204e+00
3.264032907022536012e+00
3.627502042157678908e+00
3.985600803171267970e+00
4.312896676116960926e+00
4.641843950731576740e+00
4.945430769294358875e+00
5.249755060070394386e+00
5.556161708234021113e+00
5.872749188577471635e+00
6.174676114207746203e+00
6.481591730918837335e+00
6.781265622655574532e+00
7.084882591915126149e+00
7.386772042582244957e+00
7.682322714483019510e+00
7.978124402022923611e+00
8.277634432670083697e+00
8.570378107934796930e+00
8.863305631884502489e+00
9.166933644275525594e+00
9.462036508999323914e+00
9.761961953734010322e+00
1.004708282493095517e+01
1.032018020278591663e+01
1.058937492147079951e+01
1.087117477805765020e+01
1.114470188403082318e+01
1.141371733587614123e+01
1.167124953701548762e+01
1.194382567056008959e+01
1.220161068376656210e+01
1.245470192759638017e+01
1.270668128999099622e+01
1.296557336055746745e+01
1.320876332600681380e+01
1.345299638567067468e+01
1.369413801210947312e+01
1.394270017979581056e+01
1.418196954110445596e+01
1.442577426874328772e+01
1.466782682704009133e+01
1.489418712172357218e+01
1.512537277343886366e+01
1.535037452980726336e+01
1.556545963172929170e+01
1.576973657251455307e+01
1.598588351562396070e+01
1.620864460215547354e+01
1.642658898144673429e+01
1.665220801774790615e+01
1.687867234223356760e+01
1.710337446299902808e+01
1.731068603528270700e+01
1.751597920750775117e+01
1.773005314952977329e+01
1.793769620633009865e+01
1.814251956480223882e+01
1.834424349671450116e+01
1.854863325401155905e+01
1.873923398745831648e+01
1.892889768648860738e+01
1.911267615000700104e+01
1.930301409099259757e+01
1.948595594344688919e+01
1.967745405116423640e+01
1.986257525719781114e+01
2.005467985397203279e+01
2.023982480033319931e+01
2.041615361493536440e+01
2.058587398132970137e+01
2.076349056098240098e+01
2.093517582613425176e+01
2.111111121481792097e+01
2.128479497407957055e+01
2.145191267274899261e+01
2.161959614369100890e+01
2.178972797752801327e+01
2.195347270277922647e+01
2.211085593040836272e+01
2.226506425571712811e+01
2.241931555711631319e+01
2.257850765533841297e+01
2.273753870318877901e+01
2.289712452001588971e+01
2.305174872758979987e+01
2.320169293841731317e+01
2.334703529001267697e+01
2.348905805528517732e+01
2.363662721193286487e+01
2.378211100162516090e+01
2.392519686180319027e+01
2.406707594194782018e+01
2.420099201670470634e+01
2.434411066214243036e+01
2.448416744704541514e+01
2.462106579744085266e+01
2.475513900499203501e+01
2.489180950358103317e+01
2.502060395594340036e+01
2.515620885009056806e+01
2.528244029285083982e+01
2.541034788447130666e+01
2.553400044614917874e+01
2.566204404471168132e+01
2.578680809846825284e+01
2.590545782873938307e+01
2.602504098879991901e+01
2.614616302320848362e+01
2.625766843234922732e+01
2.637354402243206764e+01
2.649236449807344940e+01
2.660804183119253707e+01
2.672936649078290827e+01
2.684968747005132528e+01
2.697393272748911386e+01
2.709614329100423546e+01
2.721428496164018185e+01
2.732825434603235237e+01
2.744230828000555178e+01
2.755164204380574589e+01
2.766208690246754642e+01
2.776841616936496138e+01
2.787286167614046306e+01
2.797834753564623611e+01
2.808414557481330220e+01
2.818915099983847483e+01
2.828963856446173608e+01
2.838672846719400766e+01
2.848022112791002058e+01
2.858129284802616610e+01
2.867711419180118071e+01
2.876718045065446105e+01
2.886287578822682676e+01
2.895739379365420163e+01
2.904737885266602859e+01
2.913704004303860273e+01
2.922979617642798544e+01
2.932294196160721000e+01
2.941084829637002684e+01
2.949990428298639600e+01
2.958453213760473233e+01
2.967434652942940687e+01
2.976353120374471217e+01
2.984916660987008896e+01
2.993221368750608491e+01
3.001323654743410430e+01
3.009579131024259269e+01
3.017960523731483136e+01
3.026043292096522208e+01
3.034301678505835653e+01
3.042235984232631196e+01
3.050424026744813233e+01
3.058447245820733329e+01
3.066242027706028850e+01
3.074184894424948311e+01
3.081928594653162889e+01
3.089629837026909343e+01
3.097461843114815849e+01
3.104941264639787235e+01
3.112398687866162916e+01
3.119830071392201987e+01
3.127340528871084047e+01
3.134640493951610907e+01
3.141856591764150508e+01
3.148889352874743608e+01
3.155782552588778955e+01
3.162576943264429730e+01
3.169019786612890854e+01
3.175651408925277508e+01
3.182284925986887458e+01
3.188799773009333904e+01
3.195197660041688792e+01
3.201654010524536886e+01
3.208312804493156278e+01
3.214987717166015813e+01
3.221417672220007233e+01
3.227428885481946708e+01
3.233708854970870306e+01
3.240078688919199834e+01
3.246301544674101791e+01
3.252475913047338452e+01
3.258298324101722443e+01
3.264177734927889674e+01
3.270022054844441328e+01
3.275517537749397690e+01
3.281251363575864843e+01
3.286956600131488671e+01
3.292587707423025023e+01
3.297953994710545089e+01
3.303280566682079211e+01
3.308709904252668821e+01
3.314125958449059794e+01
3.319436425561593751e+01
3.324445925604520369e+01
3.329610922458121536e+01
3.334745279499858839e+01
3.339715192671432931e+01
3.344927556485549047e+01
3.349909417988783389e+01
3.355106353206028302e+01
3.360015300005934336e+01
3.364812106530442293e+01
3.369750653742573121e+01
3.374792488191178563e+01
3.379717927874808225e+01
3.384463479848982814e+01
3.389273267785698351e+01
3.393956973674433897e+01
3.398380666377646975e+01
3.402664296604159233e+01
3.406911866763712737e+01
3.411012979890996633e+01
3.415284499411906438e+01
3.419580149309986439e+01
3.423879492152001802e+01
3.428077844374469407e+01
3.432095986435934520e+01
3.436327635490219734e+01
3.440562821445227115e+01
3.444673119436455266e+01
3.448739250294887881e+01
3.452811233685302028e+01
3.456906565001339260e+01
3.460886614392577343e+01
3.464968147114917230e+01
3.468940871669220627e+01
3.472946951568575713e+01
3.477023402309760058e+01
3.480782000324764169e+01
3.484575790428503694e+01
3.488239270466864639e+01
3.491796614888379935e+01
3.495417067880202922e+01
3.498939472595220224e+01
3.502596132018175723e+01
3.506227644698095958e+01
3.509697610406110613e+01
3.513016645650814240e+01
3.516431196789171310e+01
3.519960961326788151e+01
3.523374394681220423e+01
3.526791737695028672e+01
3.530059460301115593e+01
3.533427441647657474e+01
3.536894152266888369e+01
3.540187166239451244e+01
3.543462193761772028e+01
3.546631278390897535e+01
3.549836507714988443e+01
3.553017316244182666e+01
3.556013701983304998e+01
3.559046692586058924e+01
3.562072308272023236e+01
3.565132178725921364e+01
3.568085972693291552e+01
3.570969274766812163e+01
3.573929017036591915e+01
3.576918314050736569e+01
3.579759202502874871e+01
3.582753199156672963e+01
3.585714522734979681e+01
3.588696966412924638e+01
3.591617441012760281e+01
3.594285285519031703e+01
3.597059691319419983e+01
3.599636757908069740e+01
3.602285834209116899e+01
3.604854286728513557e+01
3.607450646411178496e+01
3.609956127200037201e+01
3.612472393915177094e+01
3.614929239164841590e+01
3.617369389367995325e+01
3.619800127822765035e+01
3.622246329707425616e+01
3.624619881592428072e+01
3.626995878135964091e+01
3.629412046707252415e+01
3.631784666647823201e+01
3.634075416660263613e+01
3.636342141458214883e+01
3.638740560955015724e+01
3.641030644921993087e+01
3.643284813843386161e+01
3.645551335415267147e+01
3.647730352719905511e+01
3.649852853756194548e+01
3.651989550399334661e+01
3.654034747254002724e+01
3.656156492021175808e+01
3.658132685914166160e+01
3.660112635080987786e+01
3.662111423036341762e+01
3.664003420729602567e+01
3.665930389484436347e+01
3.667877501835550902e+01
3.669744710963439616e+01
3.671622926346977778e+01
3.673508476521980270e+01
3.675389484213961566e+01
3.677296019867511490e+01
3.679171272063828013e+01
3.681021051782781228e+01
3.682882936381363947e+01
3.684743765409369587e+01
3.686464707339681013e+01
3.688171452259744854e+01
3.689872632829902699e+01
3.691547522427627825e+01
3.693258276004798546e+01
3.694953162206858366e+01
3.696640921619114550e+01
3.698303295067196927e+01
3.700003194478886570e+01
3.701698404927815034e+01
3.703327129294424935e+01
3.704982377926819481e+01
3.706642265770020117e+01
3.708270678163385270e+01
3.709890359153672534e+01
3.711466551577233730e+01
3.712975905366648277e+01
3.714489585871547916e+01
3.715979060679500634e+01
3.717477343195285044e+01
3.718938599601919748e+01
3.720384539481524655e+01
3.721758523789173267e+01
3.723127737656758995e+01
3.724506483239971288e+01
3.725876851159264902e+01
3.727199372850017056e+01
3.728530872022844278e+01
3.729852993040749709e+01
3.731147602130950958e+01
3.732426049718812067e+01
3.733713995632071203e+01
3.734975195817296623e+01
3.736260598944613065e+01
3.737530059329248644e+01
3.738733007402642983e+01
3.739940878573133176e+01
3.741180726543539237e+01
3.742468406212298504e+01
3.743670069472628370e+01
3.744840232765186272e+01
3.746006755291233503e+01
3.747180708208765765e+01
3.748333328187313640e+01
3.749495092942696317e+01
3.750656578360558768e+01
3.751790843538031339e+01
3.752873923048714744e+01
3.753971394832159802e+01
3.755045140831951045e+01
3.756110516288363499e+01
3.757140764072641304e+01
3.758198857447148811e+01
3.759192782162537583e+01
3.760252303357393799e+01
3.761276969488042710e+01
3.762275294921380464e+01
3.763203336461442206e+01
3.764122340259471144e+01
3.765075878895201100e+01
3.766079105326517862e+01
3.767033918590425401e+01
3.767946081958753979e+01
3.768842431076426180e+01
3.769759975019796627e+01
3.770649569971480020e+01
3.771541241323267712e+01
3.772418010432865998e+01
3.773283158749327981e+01
3.774142914703015350e+01
3.775005473500231545e+01
3.775874952126972062e+01
3.776708540004825210e+01
3.777580752474275272e+01
3.778377709224626813e+01
3.779191652704157889e+01
3.779974167614656011e+01
3.780795771818094408e+01
3.781614916020647854e+01
3.782403074858223846e+01
3.783180823160957118e+01
3.783987000712529891e+01
3.784791599034317500e+01
3.785591360233038216e+01
3.786357149040771475e+01
3.787074949911485078e+01
3.787811030654408739e+01
3.788522162674061633e+01
3.789228157934356744e+01
3.789925671558237497e+01
3.790624654847756858e+01
3.791326576224650324e+01
3.792030789731838070e+01
3.792726254024224630e+01
3.793414594672780282e+01
3.794088020992293053e+01
3.794767964070852173e+01
3.795442419569816650e+01
3.796125552964490169e+01
3.796776300836104667e+01
3.797437725215798565e+01
3.798106397101014409e+01
3.798743119229241216e+01
3.799389993356118111e+01
3.800023215196838322e+01
3.800633006453865903e+01
3.801216177220628367e+01
3.801825994382459584e+01
3.802427364271517973e+01
3.803057313912196236e+01
3.803660818458839543e+01
3.804236064487844260e+01
3.804807532526601221e+01
3.805378731191245123e+01
3.805942559145147897e+01
3.806506222608936696e+01
3.807068720155569252e+01
3.807625190362154655e+01
3.808160560570473763e+01
3.808688210931569529e+01
3.809218002654029789e+01
3.809737729505002335e+01
3.810287334852228724e+01
3.810800507321420838e+01
3.811321924138719908e+01
3.811836146629001831e+01
3.812352333189333109e+01
3.812856807840495321e+01
3.813364283381962139e+01
3.813867635234359454e+01
3.814348299399573250e+01
3.814854567994077428e+01
3.815325666942407423e+01
3.815792054901218222e+01
3.816278764539131174e+01
3.816758704334279173e+01
3.817245479465982072e+01
3.817713125986060163e+01
3.818178159477725586e+01
3.818653487346938391e+01
3.819094897169799907e+01
3.819535897195719087e+01
3.819972278576231162e+01
3.820410596183953800e+01
3.820836044150529176e+01
3.821246912779070470e+01
3.821659885856664118e+01
3.822079543065375162e+01
3.822486655202199302e+01
3.822875986016630634e+01
3.823247080319041658e+01
3.823628186947885865e+01
3.823994915592923860e+01
3.824373668823999139e+01
3.824744288434490613e+01
3.825115687566819389e+01
3.825504942602661629e+01
3.825878192414000267e+01
3.826260678363716750e+01
3.826638460073777281e+01
3.827012289849457716e+01
3.827377210044507194e+01
3.827737883754409864e+01
3.828092838904614581e+01
3.828434627262964085e+01
3.828769520478173405e+01
3.829108769374946064e+01
3.829428640348503876e+01
3.829751819576650007e+01
3.830066677120432672e+01
3.830382637739272411e+01
3.830698088947399071e+01
3.831023195441174067e+01
3.831341536664074710e+01
3.831644442119267779e+01
3.831941473250662966e+01
3.832228566156198468e+01
3.832519466211632420e+01
3.832808474389304365e+01
3.833092506656964815e+01
3.833376333218809151e+01
3.833659929785701337e+01
3.833944319407871149e+01
3.834227730590178851e+01
3.834506392458803248e+01
3.834783757462194131e+01
3.835071287324144151e+01
3.835353486252381572e+01
3.835630234998138377e+01
3.835895629949182251e+01
3.836158692937229375e+01
3.836419635322059918e+01
3.836675064956349956e+01
3.836933938819726109e+01
3.837187749552732896e+01
3.837436021359808791e+01
3.837688055213521920e+01
3.837938349021138151e+01
3.838189170426520036e+01
3.838431836125224095e+01
3.838675336593914267e+01
3.838912539014118153e+01
3.839139891825828954e+01
3.839374125727532316e+01
3.839604227053803953e+01
3.839834408940652821e+01
3.840064811261593292e+01
3.840293832374921124e+01
3.840525023733328425e+01
3.840751934665966871e+01
3.840971309389067301e+01
3.841193235495524050e+01
3.841406850844736454e+01
3.841618278933840003e+01
3.841832348724114610e+01
3.842034760792763137e+01
3.842246752497150197e+01
3.842455004221602621e+01
3.842663457717516451e+01
3.842860299736455687e+01
3.843061937464023714e+01
3.843259483846360780e+01
3.843456315307909676e+01
3.843643228630065778e+01
3.843829233730971140e+01
3.844017274592474820e+01
3.844198098236429217e+01
3.844384395024609802e+01
3.844566806929839942e+01
3.844747873382423364e+01
3.844925319811412834e+01
3.845104958149667596e+01
3.845286009028713181e+01
3.845464413389765923e+01
3.845637267903833134e+01
3.845809008402198970e+01
3.845979274849254637e+01
3.846151251666986326e+01
3.846321786979277135e+01
3.846493017550913862e+01
3.846665224109299430e+01
3.846831157206081286e+01
3.846988022996414003e+01
3.847150238185163573e+01
3.847303944920724206e+01
3.847457003820007770e+01
3.847611319869746893e+01
3.847758209895152248e+01
3.847909455055484074e+01
3.848056162501500665e+01
3.848199605867010575e+01
3.848345451935323069e+01
3.848489217926837114e+01
3.848632640302777475e+01
3.848773037646112272e+01
3.848916554667150791e+01
3.849053196073537464e+01
3.849192313545599120e+01
3.849328511718347556e+01
3.849458551873861012e+01
3.849589968395032713e+01
3.849719597536782345e+01
3.849847961619241943e+01
3.849974176306050566e+01
3.850103567385506409e+01
3.850235482922580132e+01
3.850361549082887080e+01
3.850486740700482358e+01
3.850608857326819390e+01
3.850729578124521879e+01
3.850853904535441785e+01
3.850976787964604142e+01
3.851094516395379941e+01
3.851210144752040776e+01
3.851323094222011889e+01
3.851433187565312721e+01
3.851544920386768212e+01
3.851649868111903174e+01
3.851754750295071972e+01
3.851857925483469103e+01
3.851953943962728033e+01
3.852053337163124525e+01
3.852153422400293437e+01
3.852253290760552318e+01
3.852357092654570181e+01
3.852456188161686867e+01
3.852557703552319168e+01
3.852658106616978984e+01
3.852760271411668924e+01
3.852857319308616724e+01
3.852950709576028032e+01
3.853043142604974491e+01
3.853135390581181241e+01
3.853230878672265902e+01
3.853321902266250021e+01
3.853413495097302643e+01
3.853505459141619127e+01
3.853595910350778553e+01
3.853686131312491625e+01
3.853772370850155937e+01
3.853857939851184966e+01
3.853947063994770872e+01
3.854032121097475994e+01
3.854116534474017897e+01
3.854198629326757697e+01
3.854280389779712124e+01
3.854361794241189187e+01
3.854445742592091051e+01
3.854524897641159953e+01
3.854606396458675022e+01
3.854684169115176928e+01
3.854762099283459520e+01
3.854841517625969516e+01
3.854919356104664985e+01
3.854997286620182706e+01
3.855071467655650963e+01
3.855146250059843993e+01
3.855222315200078498e+01
3.855297850957155248e+01
3.855372032549855987e+01
3.855447128731844941e+01
3.855521163245283844e+01
3.855595363123753572e+01
3.855668059694249195e+01
3.855739995801408071e+01
3.855809504672090071e+01
3.855879467539207894e+01
3.855947430669896647e+01
3.856015679499258653e+01
3.856080920360420095e+01
3.856145792648963777e+01
3.856206722298137635e+01
3.856269469065200184e+01
3.856332093275169370e+01
3.856394227568888056e+01
3.856456790228730114e+01
3.856516322228542748e+01
3.856576243635947066e+01
3.856636700764546788e+01
3.856695487355727892e+01
3.856755269040682776e+01
3.856812222219122077e+01
3.856870828225658698e+01
3.856925458025008879e+01
3.856981459381012201e+01
3.857035924261470683e+01
3.857093120523127538e+01
3.857147857345537290e+01
3.857203454830697353e+01
3.857257180555804865e+01
3.857312355207940158e+01
3.857365216084355097e+01
3.857418622806758179e+01
3.857469680897454367e+01
3.857518791272185865e+01
3.857567435073553952e+01
3.857615993141150312e+01
3.857663067874523932e+01
3.857712658990412535e+01
3.857762626056246802e+01
3.857812501694462526e+01
3.857860654546939827e+01
3.857908314438958541e+01
3.857956335238311851e+01
3.858005119526510640e+01
3.858053682190169553e+01
3.858099277406662253e+01
3.858144579746350189e+01
3.858188245135418271e+01
3.858232432851618654e+01
3.858275566860758943e+01
3.858317716034743938e+01
3.858359102534203799e+01
3.858400300349308765e+01
3.858441177384386833e+01
3.858482237525069536e+01
3.858522638777393610e+01
3.858562203402048141e+01
3.858601138768224814e+01
3.858639530596707345e+01
3.858679837680195135e+01
3.858722329550698760e+01
3.858760506782108024e+01
3.858800422045313638e+01
3.858840103111843689e+01
3.858877799666817765e+01
3.858913520486827764e+01
3.858949880006247923e+01
