4.958000000000000185e-01
1.055941999999925773e+00
1.564221859999858300e+00
2.106424941200011780e+00
2.609008773632034206e+00
3.142609290630885788e+00
3.628036455662066118e+00
4.132470221949368749e+00
4.642378940090290840e+00
5.164636750476676141e+00
5.701930141239417438e+00
6.228299500918015319e+00
6.774933051305341181e+00
7.326981526874011941e+00
7.845535902515808679e+00
8.353314355096063792e+00
8.860868332445667406e+00
9.367055720072700709e+00
9.870017164098705109e+00
1.035753926902410882e+01
1.083805959486243431e+01
1.131385569022924464e+01
1.177992371498724111e+01
1.224133105949768385e+01
1.269529588925609609e+01
1.314176534955119102e+01
1.358492517996212179e+01
1.401930805859704776e+01
1.444829050144357296e+01
1.487619595986731014e+01
1.530973434871014582e+01
1.573952319636026154e+01
1.615682187773759537e+01
1.657052175672735572e+01
1.698662172661797953e+01
1.739504345833471888e+01
1.779234719923202590e+01
1.818933198287540165e+01
1.859210744939103321e+01
1.898193553779395160e+01
1.937549162336048525e+01
1.975974766353937184e+01
2.014442292825023628e+01
2.052109718349242584e+01
2.089381191270151916e+01
2.126324482445879127e+01
2.161777254646314717e+01
2.196981498441864744e+01
2.233247294222226031e+01
2.268465980736500498e+01
2.303380880871012337e+01
2.339156523137237542e+01
2.375131797440413095e+01
2.409673041689627482e+01
2.443299330410484060e+01
2.476226882751661762e+01
2.508409350691626116e+01
2.539192935038435195e+01
2.570472586781263402e+01
2.601997652318607024e+01
2.634132161926205029e+01
2.664071096074904332e+01
2.694391701528114424e+01
2.725051496633781412e+01
2.754810769757468947e+01
2.784116347993134255e+01
2.813654310306230855e+01
2.843774068479731199e+01
2.872830251379413014e+01
2.902165686664195832e+01
2.930688187003558909e+01
2.958935260144980361e+01
2.986628267387629165e+01
3.013458571980843459e+01
3.040301024152900666e+01
3.067957401078902890e+01
3.094838721806200255e+01
3.121483514863948372e+01
3.147679216091997390e+01
3.172989140070428249e+01
3.198694873469026234e+01
3.224458113600582010e+01
3.249700550829742696e+01
3.274425682577278707e+01
3.299002437480433514e+01
3.324303770315883355e+01
3.348825422045276667e+01
3.373260363191779732e+01
3.396959544818166421e+01
3.420221412742774447e+01
3.442821646097149113e+01
3.465544472766028861e+01
3.488297911742400004e+01
3.511161547813375705e+01
3.534099798979774931e+01
3.556177438065096652e+01
3.578144804423823189e+01
3.599877407653087147e+01
3.621695190917231599e+01
3.643161693679179791e+01
3.664084102306347290e+01
3.684634219439212188e+01
3.704878385877396596e+01
3.725381819710344189e+01
3.745514962877844312e+01
3.765422408095668771e+01
3.785113548252155624e+01
3.804798830001499255e+01
3.824500044205957749e+01
3.843756807394242259e+01
3.862470107877025072e+01
3.881464918898105765e+01
3.900123781320544936e+01
3.919010404504945910e+01
3.937447410425186689e+01
3.956021151642853795e+01
3.974190992691344348e+01
3.991923043418719885e+01
4.009291443633028962e+01
4.026123274522352347e+01
4.042349691731480732e+01
4.058562038062213873e+01
4.074374588525203933e+01
4.090127779571646016e+01
4.106002394808709255e+01
4.121960265500664633e+01
4.137772650520469142e+01
4.153521786000214888e+01
4.169135530258589739e+01
4.184650569796081498e+01
4.199942770373313294e+01
4.215017717732706615e+01
4.229777388543669048e+01
4.244539208821274912e+01
4.259655375836526758e+01
4.274651279334464249e+01
4.289109760961159878e+01
4.303514507610307760e+01
4.318134972154254569e+01
4.332074980491210425e+01
4.345691939770560452e+01
4.360006642719510950e+01
4.373868608340288944e+01
4.387534932091690365e+01
4.400787036983100364e+01
4.414020724412431917e+01
4.427165876772947684e+01
4.440366726587173218e+01
4.453171208561310124e+01
4.465411452801415493e+01
4.477974412691483508e+01
4.490580555680055141e+01
4.503084512177357368e+01
4.515343099418994655e+01
4.527279138627171307e+01
4.539064227676340835e+01
4.550812777895075101e+01
4.562425265933332241e+01
4.573678460371695564e+01
4.584881835874092104e+01
4.596083329986232968e+01
4.607053844603291992e+01
4.618001022340359185e+01
4.628774599862415329e+01
4.639238437030719098e+01
4.649843331110422895e+01
4.660400628871349937e+01
4.670548079473630310e+01
4.680597751661138517e+01
4.690691462776253218e+01
4.700662501545836847e+01
4.710664730376747400e+01
4.720582913946749670e+01
4.730793832163400481e+01
4.740582499913492853e+01
4.750459310910655830e+01
4.759942341342424044e+01
4.769556763159707202e+01
4.778958047004303467e+01
4.788338121552506976e+01
4.797237808546771731e+01
4.805975522220565210e+01
4.814789617912549602e+01
4.823804848378362209e+01
4.832577293855855061e+01
4.840914626037656632e+01
4.849376784532608298e+01
4.857735999874750377e+01
4.866233817877785128e+01
4.874676585981956123e+01
4.882809746017920816e+01
4.891213566953424419e+01
4.899452039412132365e+01
4.907382447594869035e+01
4.915417128355046827e+01
4.923234804427104194e+01
4.931201648915521929e+01
4.938793332019081106e+01
4.946337805292652234e+01
4.953966526779267809e+01
4.961608727433170429e+01
4.969073699773156250e+01
4.976445638502627133e+01
4.983790657968848592e+01
4.990956692960715912e+01
4.997987360933865375e+01
5.004769865949182872e+01
5.011570711604784378e+01
5.018581714130652927e+01
5.025249670812610958e+01
5.031814597282838264e+01
5.038255095495555480e+01
5.044771322643273948e+01
5.051157724029801699e+01
5.057517507572535465e+01
5.063970406540492775e+01
5.070434068022110097e+01
5.076880526536005078e+01
5.083420169578965897e+01
5.089780405693777965e+01
5.095782261431460824e+01
5.101878150260417044e+01
5.107787419620415648e+01
5.113821544044538570e+01
5.119714273249996950e+01
5.125472000218846347e+01
5.131061757878602236e+01
5.136708991617969389e+01
5.142146055111910385e+01
5.147607831611617968e+01
5.153038775502068347e+01
5.158309447084840826e+01
5.163520612667706189e+01
5.168571004321922402e+01
5.173641339830458463e+01
5.178745794908007127e+01
5.183835594469232433e+01
5.188967791920852335e+01
5.194072443993034938e+01
5.199050906359143909e+01
5.203987650677287746e+01
5.208775647339808756e+01
5.213463935480298517e+01
5.218207091613493276e+01
5.222988052109954538e+01
5.227716941205200385e+01
5.232178300304028795e+01
5.236581679455105132e+01
5.241008842367227061e+01
5.245450685298319371e+01
5.249837572193045787e+01
5.254016884439552371e+01
5.258237026833332806e+01
5.262467663971273879e+01
5.266631856746844420e+01
5.270748240727277079e+01
5.274776145577872200e+01
5.278892209497876564e+01
5.283013486494400723e+01
5.286972111422782916e+01
5.290962258734841583e+01
5.294867508203743256e+01
5.298835012327855054e+01
5.302661124721297625e+01
5.306337009388856529e+01
5.310114868167293878e+01
5.313686544673398515e+01
5.317154176689967215e+01
5.320627719054735394e+01
5.324076571196248153e+01
5.327659332556064697e+01
5.331120940360916194e+01
5.334579122001074580e+01
5.338098572327210434e+01
5.341528695131477633e+01
5.344913798369969982e+01
5.348312488677746046e+01
5.351694494505806432e+01
5.355021268526641620e+01
5.358275407777456678e+01
5.361567757273088120e+01
5.364756545558545042e+01
5.367932251026849144e+01
5.371093652892053427e+01
5.374142229828355255e+01
5.377175146306146303e+01
5.380275392503394727e+01
5.383288191661555544e+01
5.386128119522468438e+01
5.389049195292891170e+01
5.391929672875362201e+01
5.394780808846041253e+01
5.397592804104293407e+01
5.400447710059414419e+01
5.403295423503593753e+01
5.406107955940642995e+01
5.408931163005755849e+01
5.411680650161223127e+01
5.414460684927650647e+01
5.417157934101570049e+01
5.419917955619943939e+01
5.422584833768137003e+01
5.425208220391798619e+01
5.427826310254613418e+01
5.430430938510342997e+01
5.432960084837045400e+01
5.435481022980972199e+01
5.437897674623335575e+01
5.440288802182546135e+01
5.442680210305520205e+01
5.445066332063588987e+01
5.447349996946711315e+01
5.449720367329607029e+01
5.452073919515170530e+01
5.454460173553100333e+01
5.456766468269871240e+01
5.459008361351595795e+01
5.461262560000344024e+01
5.463446334060459719e+01
5.465610701342830424e+01
5.467717325153603269e+01
5.469794940770609770e+01
5.471870650318204099e+01
5.473913537708591548e+01
5.475917886956589342e+01
5.477925079745027404e+01
5.479900493888227686e+01
5.481851293714179008e+01
5.483863642059699828e+01
5.485792842703205707e+01
5.487777479009642434e+01
5.489686244966365791e+01
5.491615743389403548e+01
5.493514683421198441e+01
5.495402997132401168e+01
5.497297956007366082e+01
5.499179771257121985e+01
5.501008619042797676e+01
5.502863362826254701e+01
5.504700884706164032e+01
5.506487552463861590e+01
5.508254729598779420e+01
5.510030922877299275e+01
5.511762933187240066e+01
5.513459975415472769e+01
5.515140359212481513e+01
5.516816602888250287e+01
5.518509414411960989e+01
5.520171372488674422e+01
5.521761866368033367e+01
5.523301444663269422e+01
5.524880261584353747e+01
5.526453468197848196e+01
5.528008639640508903e+01
5.529557094654158078e+01
5.531049152046196582e+01
5.532537741702709155e+01
5.534030250464657996e+01
5.535502084786173782e+01
5.536963266378288040e+01
5.538427009307059024e+01
5.539852206558142456e+01
5.541299444557773768e+01
5.542728825486705091e+01
5.544123292028993433e+01
5.545540559774656941e+01
5.546916118407441587e+01
5.548222899108598938e+01
5.549591882571095169e+01
5.550986151002179980e+01
5.552342694765283682e+01
5.553667414351421172e+01
5.554924658285971617e+01
5.556176864682396399e+01
5.557498137867109733e+01
5.558788428267940418e+01
5.560037028280542870e+01
5.561302546651917567e+01
5.562523388492677867e+01
5.563749978501127202e+01
5.564970008813470770e+01
5.566156328628245831e+01
5.567340895036303294e+01
5.568516384142263576e+01
5.569659247037058236e+01
5.570795064280088837e+01
5.571932954045229280e+01
5.573081352812253186e+01
5.574191940744240981e+01
5.575292024264070534e+01
5.576356494910667294e+01
5.577431739278414824e+01
5.578501872698459607e+01
5.579518935204385599e+01
5.580527733716373007e+01
5.581537580875502869e+01
5.582534339660372069e+01
5.583560720905420283e+01
5.584573724784267768e+01
5.585565538182375178e+01
5.586549946523989973e+01
5.587542814961361870e+01
5.588508865110568280e+01
5.589449056572650676e+01
5.590383984495321101e+01
5.591302734819735321e+01
5.592221254688338661e+01
5.593117539109105962e+01
5.594020596274602042e+01
5.594876087239370577e+01
5.595740880868927292e+01
5.596606669652462074e+01
5.597472392541573782e+01
5.598283777436910924e+01
5.599128685712878450e+01
5.599956653718243160e+01
5.600768241450368379e+01
5.601587752479655080e+01
5.602431125563885672e+01
5.603225578515178285e+01
5.604021189703882300e+01
5.604768437304893780e+01
5.605528214130402631e+01
5.606310736774616998e+01
5.607063291921384973e+01
5.607819630998958615e+01
5.608566333280681704e+01
5.609296673631772023e+01
5.610008330571201896e+01
5.610720918232729559e+01
5.611449483791506054e+01
5.612160510399210267e+01
5.612862865085044461e+01
5.613564251544286776e+01
5.614239747000085146e+01
5.614907856137527631e+01
5.615578534925533205e+01
5.616233472451085618e+01
5.616883453391611170e+01
5.617525115066189301e+01
5.618159399450966163e+01
5.618782585660300555e+01
5.619407660925097048e+01
5.620024388122011771e+01
5.620626988735619278e+01
5.621241720954657239e+01
5.621835608464041911e+01
5.622410573652381061e+01
5.622975467716009490e+01
5.623536248623950229e+01
5.624105539974542012e+01
5.624647957775962936e+01
5.625210710062822272e+01
5.625774052031462702e+01
5.626324353676730539e+01
5.626874522832330427e+01
5.627414998187079220e+01
5.627955838562117208e+01
5.628488464601316110e+01
5.629013780185242410e+01
5.629528440642902609e+01
5.630063332953172761e+01
5.630601636283659417e+01
5.631120833311373275e+01
5.631646631803498337e+01
5.632156524254417462e+01
5.632657526512334556e+01
5.633155807379286273e+01
5.633635873485214773e+01
5.634101717961258515e+01
5.634563614602767956e+01
5.635015528059002321e+01
5.635473456475457965e+01
5.635922410017234796e+01
5.636375235988058563e+01
5.636816353502155152e+01
5.637270287245530653e+01
5.637711485253871757e+01
5.638152287516946615e+01
5.638606046645328007e+01
5.639044905239264693e+01
5.639482874548107816e+01
5.639912684918954255e+01
5.640341081222344854e+01
5.640749991573790112e+01
5.641154736425926330e+01
5.641567686185015162e+01
5.641982196984992015e+01
5.642391599029205906e+01
5.642791696683639913e+01
5.643189028439256560e+01
5.643585263881782055e+01
5.643973549441661675e+01
5.644360137453801940e+01
5.644735810910533047e+01
5.645105447630542272e+01
5.645477270388986568e+01
5.645846864673253407e+01
5.646190103864943666e+01
5.646533627301592162e+01
5.646875226714949747e+01
5.647224143018232212e+01
5.647571244488435127e+01
5.647912516070643818e+01
5.648261104622663709e+01
5.648595147507914760e+01
5.648927643898313278e+01
5.649254916847761621e+01
5.649578977696501170e+01
5.649896796811948008e+01
5.650213755204817545e+01
5.650522778941830637e+01
5.650836341851054812e+01
5.651141176366304109e+01
5.651452780433353240e+01
5.651755673970870220e+01
5.652056937195253283e+01
5.652343778386838125e+01
5.652635372756834897e+01
5.652922694101400225e+01
5.653204992615074076e+01
5.653482818849587233e+01
5.653756234020687543e+01
5.654029626543287890e+01
5.654305499048400918e+01
5.654574575405416681e+01
5.654844350901024796e+01
5.655106119144196697e+01
5.655371369115380986e+01
5.655624688044697734e+01
5.655877466462094105e+01
5.656138687513390551e+01
5.656387769412157240e+01
5.656635822401210589e+01
5.656887137334219062e+01
5.657131455786449692e+01
5.657384587451429070e+01
5.657624270467152883e+01
5.657862677831073484e+01
5.658103185386246992e+01
5.658334782573892596e+01
5.658566370091455866e+01
5.658794995534211836e+01
5.659018136034151780e+01
5.659238454011508423e+01
5.659456861412279238e+01
5.659669443083022600e+01
5.659890468843676814e+01
5.660098698462332578e+01
5.660315004583542731e+01
5.660514399717904155e+01
5.660721285287935700e+01
5.660915933243934717e+01
5.661115886096978755e+01
5.661317199740293660e+01
5.661518428230075273e+01
5.661715361476380792e+01
5.661915216161137465e+01
5.662110137836484824e+01
5.662304308656239726e+01
5.662493949307742014e+01
5.662682939249103953e+01
5.662869087934912216e+01
5.663057002971988396e+01
5.663239412764721692e+01
5.663421707903828661e+01
5.663600386200704406e+01
5.663776775086684978e+01
5.663952328940200687e+01
5.664126127255183007e+01
5.664300756136982073e+01
5.664474057175947763e+01
5.664644095623307862e+01
5.664809405115308749e+01
5.664978808225643547e+01
5.665144074639373883e+01
5.665304872212199427e+01
5.665461516230405437e+01
5.665618543903690352e+01
5.665775545775709077e+01
5.665929507407151533e+01
5.666086033987624404e+01
5.666233704022306483e+01
5.666379868825544719e+01
5.666526577431440614e+01
5.666676936240107665e+01
5.666824185806488146e+01
5.666973251699964464e+01
5.667120392809911777e+01
5.667267324997417433e+01
5.667415367369051182e+01
5.667561192163262973e+01
5.667710927821056544e+01
5.667854986034404874e+01
5.667996684046257627e+01
5.668133196937814233e+01
5.668269671642181606e+01
5.668403715789893482e+01
5.668536812110634315e+01
5.668665783770517663e+01
5.668791686006905195e+01
5.668921376854437710e+01
5.669050760796326216e+01
5.669179667651150112e+01
5.669306361340491662e+01
5.669428265897467156e+01
5.669551894957922400e+01
5.669670185552567432e+01
5.669787515162190772e+01
5.669905187417754178e+01
5.670020464924309778e+01
5.670137065947142219e+01
5.670252756771387936e+01
5.670365180241194025e+01
5.670476124288189368e+01
5.670587530915463503e+01
5.670697639177717519e+01
5.670808775007850500e+01
5.670915889310358438e+01
5.671021594689486278e+01
5.671127600295706372e+01
5.671233169014912789e+01
5.671336216820795073e+01
5.671441116209713584e+01
5.671538844419904990e+01
5.671638906429641480e+01
5.671735615828911392e+01
5.671833338250784351e+01
5.671931045455070119e+01
5.672025493453459433e+01
5.672118481065841422e+01
5.672210204174770354e+01
5.672300051081124650e+01
5.672388740596219492e+01
5.672477551459513023e+01
5.672564306873362483e+01
5.672650914931604405e+01
5.672739823940320747e+01
5.672825988907368355e+01
5.672910772181603534e+01
5.672996879615558186e+01
5.673080995091128642e+01
5.673165593979762633e+01
5.673250923588346950e+01
5.673335647178772234e+01
5.673419064523683630e+01
5.673499966342983214e+01
5.673579669252139013e+01
5.673659733111271919e+01
5.673738922844675869e+01
5.673816185745489804e+01
5.673895412957305950e+01
5.673969869106417718e+01
5.674044992522976827e+01
5.674120371057033907e+01
5.674194677547017562e+01
5.674269213598402217e+01
5.674342882231536578e+01
5.674414619232965862e+01
5.674484190026682029e+01
5.674555025828479415e+01
5.674623563907963586e+01
5.674692048574385694e+01
5.674757779925060674e+01
5.674825976201401545e+01
5.674892051377590008e+01
5.674960674577759079e+01
5.675027495412305001e+01
5.675093684466170174e+01
5.675160341615469406e+01
5.675222964234090028e+01
5.675284878153187407e+01
5.675345951315416926e+01
5.675406644694960789e+01
5.675466513933254475e+01
5.675525875020375111e+01
5.675582692917815564e+01
5.675639275409216111e+01
5.675696961264743123e+01
5.675756157626526033e+01
5.675813416652848531e+01
5.675870454715298052e+01
5.675927291604838132e+01
5.675983413919187370e+01
5.676039471276229165e+01
5.676094732643592522e+01
5.676149745391101220e+01
5.676203265022326150e+01
5.676256030964761834e+01
5.676310019372758831e+01
5.676363205082983399e+01
5.676416138394665722e+01
5.676466577104838507e+01
5.676514537477875422e+01
5.676562897174441247e+01
5.676611115775106953e+01
5.676658577263172134e+01
5.676705908894275865e+01
5.676754482742560981e+01
5.676802686448793622e+01
