5.039000000000000146e-01
1.002760999999935843e+00
1.494183140000022725e+00
1.983116806099890939e+00
2.465528122322084403e+00
2.943067775879337766e+00
3.415643736871353919e+00
3.885963911424874073e+00
4.347936042690332847e+00
4.807709273348713452e+00
5.265326603303094544e+00
5.717830557005311398e+00
6.164745809324662318e+00
6.609078579320514457e+00
7.051834882798147852e+00
7.484702252689328539e+00
7.914645854203371300e+00
8.339994989585429508e+00
8.761424439117249108e+00
9.179341837484447097e+00
9.592875585134096994e+00
1.000166669940575304e+01
1.040773267453616491e+01
1.080838884563287650e+01
1.120578484925451690e+01
1.159734012157611360e+01
1.198840653317328275e+01
1.237312278396814946e+01
1.275289752928845033e+01
1.313186321553313718e+01
1.350437632357202311e+01
1.387411629491106169e+01
1.423943388620049788e+01
1.460307206054035412e+01
1.496168827434409998e+01
1.531794935947783287e+01
1.566855859410410368e+01
1.601514464957129036e+01
1.636075616875368155e+01
1.670112089076524242e+01
1.703998853507009414e+01
1.737357999911357354e+01
1.770652375132035417e+01
1.803305482852253405e+01
1.835699533713293619e+01
1.867817357977162374e+01
1.899595109289452211e+01
1.930980260041420138e+01
1.962159585060466327e+01
1.993057672691080739e+01
2.023698204961299041e+01
2.053786759946073914e+01
2.083773073140778109e+01
2.113438976915897527e+01
2.142744293347866602e+01
2.171704774687961503e+01
2.200478179431101466e+01
2.228865166718371427e+01
2.257105059336750941e+01
2.285057026194335350e+01
2.312677493502299342e+01
2.339943211801072920e+01
2.367102516066589146e+01
2.394006154455790991e+01
2.420530381198885905e+01
2.446729526514170061e+01
2.472816070140741118e+01
2.498718246192576942e+01
2.524136726263861519e+01
2.549333510941083603e+01
2.574394614856323216e+01
2.599063039553338328e+01
2.623589053148396033e+01
2.647828994583230156e+01
2.671973892016825403e+01
2.695578517958621845e+01
2.719033285584760051e+01
2.742304239950800593e+01
2.765420108430446078e+01
2.788205368622008251e+01
2.810850043238459151e+01
2.833294853987744588e+01
2.855587588517029118e+01
2.877496730110390288e+01
2.899145940831448698e+01
2.920589299198542577e+01
2.941851930719287012e+01
2.963024986584969511e+01
2.983858297493545209e+01
3.004522113209846523e+01
3.024973219789177037e+01
3.045213805033093735e+01
3.065154798362041433e+01
3.085037757727502594e+01
3.104679121268875974e+01
3.124100977409709046e+01
3.143334330696070111e+01
3.162418732664027488e+01
3.181345902397363545e+01
3.200020946395120802e+01
3.218501919305894887e+01
3.236716548783510206e+01
3.254849481489973329e+01
3.272838376754851453e+01
3.290554206627309952e+01
3.308134649374697034e+01
3.325584087278688372e+01
3.342828325857757932e+01
3.359844392574983374e+01
3.376691970509491370e+01
3.393425693124225262e+01
3.410006826036644156e+01
3.426371858562944794e+01
3.442611784892857685e+01
3.458713161139532133e+01
3.474549636596310620e+01
3.490262030017492378e+01
3.505877465676397264e+01
3.521286346239023857e+01
3.536604642928206488e+01
3.551667967317084873e+01
3.566631044181728782e+01
3.581460628527921841e+01
3.596218896481033767e+01
3.610707358721166571e+01
3.625161972370079866e+01
3.639431170081991240e+01
3.653514424292894347e+01
3.667456845961773126e+01
3.681270782979543554e+01
3.694911382573916114e+01
3.708502691355220549e+01
3.721881130836057849e+01
3.735102141789476349e+01
3.748332689209643576e+01
3.761279015237913370e+01
3.774190194617386851e+01
3.786881412364156319e+01
3.799590623425921621e+01
3.812107197625804389e+01
3.824441062738022623e+01
3.836669770447655026e+01
3.848813389914463556e+01
3.860779738936764005e+01
3.872721687203041085e+01
3.884547708953833478e+01
3.896234722263524475e+01
3.907735255149852094e+01
3.919190826635327340e+01
3.930452432926748685e+01
3.941678931281089149e+01
3.952737259147983195e+01
3.963691515083032613e+01
3.974484658591008923e+01
3.985267724487984964e+01
3.995883992160743503e+01
4.006485833839663968e+01
4.016845428127653150e+01
4.027204619921096196e+01
4.037423805791522824e+01
4.047523776255992800e+01
4.057540591698973742e+01
4.067447424411239609e+01
4.077274621657043241e+01
4.087014128122125811e+01
4.096617194923589977e+01
4.106154400152028217e+01
4.115538365232744411e+01
4.124874691803224636e+01
4.134126802934257228e+01
4.143267374623636812e+01
4.152320126909815912e+01
4.161317856178607855e+01
4.170172883964208665e+01
4.178989818522543942e+01
4.187685856247938432e+01
4.196266796570301238e+01
4.204814262358279819e+01
4.213302994917250288e+01
4.221648100930087111e+01
4.229917127240846497e+01
4.238102652439241780e+01
4.246236826541849041e+01
4.254231644814782953e+01
4.262169331130564842e+01
4.270006610316941220e+01
4.277832603260688416e+01
4.285511630395669158e+01
4.293170549609671838e+01
4.300711728245288157e+01
4.308221197866807728e+01
4.315626240083591370e+01
4.322955779909575114e+01
4.330190462596315371e+01
4.337381971491383581e+01
4.344446620376729840e+01
4.351526400247693971e+01
4.358471865145583024e+01
4.365442881898646732e+01
4.372274491986586042e+01
4.379010320139882140e+01
4.385709960382823880e+01
4.392349826465072482e+01
4.398934993917513481e+01
4.405388029019707119e+01
4.411843425773606953e+01
4.418259496400442288e+01
4.424553338137993563e+01
4.430807112829754146e+01
4.436971423371273460e+01
4.443115894048894177e+01
4.449119148529261736e+01
4.455147282117677321e+01
4.461042240982600049e+01
4.466956234426816508e+01
4.472769028863152840e+01
4.478532251208142867e+01
4.484190972368404715e+01
4.489870253756074447e+01
4.495441271571305464e+01
4.500991097823387577e+01
4.506466983010405158e+01
4.511916570929786019e+01
4.517267005132857349e+01
4.522578145755456092e+01
4.527822106317866258e+01
4.533057990430834394e+01
4.538197085485477800e+01
4.543312596777780499e+01
4.548334908489036366e+01
4.553346143485671149e+01
4.558298435893757272e+01
4.563195377419437193e+01
4.568044791949456140e+01
4.572881412218416841e+01
4.577627726060650559e+01
4.582313047508227299e+01
4.587000934849119460e+01
4.591642857801300437e+01
4.596231571476951672e+01
4.600735409567143108e+01
4.605239462765614888e+01
4.609673878829390503e+01
4.614061341736039878e+01
4.618412248248925778e+01
4.622713679182556490e+01
4.626975049231985082e+01
4.631175009140914511e+01
4.635351164404156776e+01
4.639499067867598825e+01
4.643590901763504064e+01
4.647651447072010455e+01
4.651653114474123640e+01
4.655613585436445589e+01
4.659544963395175188e+01
4.663435100428912250e+01
4.667287862391276576e+01
4.671096430346566564e+01
4.674871400401013943e+01
4.678617876799668807e+01
4.682328354590973873e+01
4.685988301268445611e+01
4.689616677912565024e+01
4.693208059484483385e+01
4.696764583529235182e+01
4.700303319671818514e+01
4.703783202366704330e+01
4.707250151105991165e+01
4.710636093911600852e+01
4.714034050371176221e+01
4.717374491361113087e+01
4.720681527941391664e+01
4.723945097518023317e+01
4.727186002424518563e+01
4.730411693476509072e+01
4.733607019088753276e+01
4.736751041693054276e+01
4.739874438085438157e+01
4.742969659335506805e+01
4.746031202963569484e+01
4.749060032589973446e+01
4.752055605948661565e+01
4.755027393985900375e+01
4.757969173251976969e+01
4.760874623158508001e+01
4.763751588769730461e+01
4.766612203774274548e+01
4.769423534912579044e+01
4.772227500312776272e+01
4.774997674831237759e+01
4.777730115821486123e+01
4.780445700703263867e+01
4.783133066801094913e+01
4.785794611543388299e+01
4.788440740004824647e+01
4.791043647499615332e+01
4.793605720674430160e+01
4.796153797787189177e+01
4.798676644311982642e+01
4.801189618611210363e+01
4.803647057813260091e+01
4.806105654380017000e+01
4.808529331010984720e+01
4.810937098132571776e+01
4.813309010461560433e+01
4.815672360823375442e+01
4.818000304069281725e+01
4.820310910094111279e+01
4.822594789880001542e+01
4.824860758835975361e+01
4.827102072275450695e+01
4.829330632382024646e+01
4.831525170228490396e+01
4.833700129590077665e+01
4.835849078950438695e+01
4.837977804158147421e+01
4.840088582613675072e+01
4.842172465868078746e+01
4.844237761181720714e+01
4.846283213863431882e+01
4.848307209246151928e+01
4.850308383539496049e+01
4.852305860852172259e+01
4.854274995687374883e+01
4.856222512656876233e+01
4.858137585137845349e+01
4.860052199877749501e+01
4.861945612242439552e+01
4.863806581063599310e+01
4.865658833533844785e+01
4.867496191035509412e+01
4.869309069783730592e+01
4.871105241892312421e+01
4.872880988410135927e+01
4.874640197077479797e+01
4.876389230664865693e+01
4.878117358644005463e+01
4.879814004639464287e+01
4.881511090180394064e+01
4.883179772132382368e+01
4.884832751474663581e+01
4.886464491582327696e+01
4.888092936705295699e+01
4.889686316158748269e+01
4.891274634233285923e+01
4.892848005100205455e+01
4.894409966453795846e+01
4.895952791696441153e+01
4.897479431875016331e+01
4.898991854593016626e+01
4.900486927830230854e+01
4.901970134536355062e+01
4.903442289523280095e+01
4.904893245478385211e+01
4.906338812169090602e+01
4.907763292453492454e+01
4.909171712240861041e+01
4.910566324374691760e+01
4.911952329072158818e+01
4.913317833220310149e+01
4.914667535681959976e+01
4.916005999120901038e+01
4.917343701480906759e+01
4.918654097512476397e+01
4.919955127064340417e+01
4.921236256469504156e+01
4.922516448089339747e+01
4.923777460203471179e+01
4.925037004221449877e+01
4.926274883190287568e+01
4.927513123718498633e+01
4.928722164581034804e+01
4.929921255632464039e+01
4.931104823787456581e+01
4.932288444922916426e+01
4.933449844751562097e+01
4.934599059402101062e+01
4.935743002058676865e+01
4.936879312021829946e+01
4.937996832396810731e+01
4.939109542179297563e+01
4.940204823898859132e+01
4.941297219123938333e+01
4.942373260147655145e+01
4.943437486654078583e+01
4.944488357624039310e+01
4.945531922588649820e+01
4.946565358743440299e+01
4.947585827851014528e+01
4.948597696180836181e+01
4.949602224605635570e+01
4.950594251504421806e+01
4.951571981111496257e+01
4.952546192565394279e+01
4.953506657979315264e+01
4.954458840033944966e+01
4.955401593702804774e+01
4.956340747342302677e+01
4.957266388564719506e+01
4.958180688210121900e+01
4.959083421534302971e+01
4.959979970893225953e+01
4.960872392926166441e+01
4.961748662515605446e+01
4.962622032107806547e+01
4.963478388666949570e+01
4.964338096223835350e+01
4.965182012337038486e+01
4.966022209966069312e+01
4.966849742101829435e+01
4.967671758723709985e+01
4.968482180097697665e+01
4.969287361255573643e+01
4.970078898646168142e+01
4.970869070339226425e+01
4.971649642078117637e+01
4.972420421161778847e+01
4.973184022049685638e+01
4.973938264230800854e+01
4.974687410970150125e+01
4.975432002618489946e+01
4.976161008715141065e+01
4.976888480635702194e+01
4.977608606608759345e+01
4.978321672354518768e+01
4.979024745167212274e+01
4.979726938353406496e+01
4.980414514724240149e+01
4.981097992596074420e+01
4.981772355622702975e+01
4.982445684572795841e+01
4.983111820149816396e+01
4.983768431335364824e+01
4.984415835258472072e+01
4.985064226713858915e+01
4.985702788026953414e+01
4.986334838717068152e+01
4.986958588741397591e+01
4.987579960719180860e+01
4.988193360168702384e+01
4.988802306801763109e+01
4.989401121936424488e+01
4.989997303211581681e+01
4.990585075806800575e+01
4.991167835817860521e+01
4.991742370054466704e+01
4.992312685215627965e+01
4.992880543086242540e+01
4.993437459046275961e+01
4.993991109523835092e+01
4.994539549302592718e+01
4.995084224938298689e+01
4.995621644325041899e+01
4.996154427151919464e+01
4.996682142957515538e+01
4.997200502069960493e+01
4.997719045536167215e+01
4.998226178284833310e+01
4.998733049876295098e+01
4.999234207888093806e+01
4.999731532930949385e+01
5.000221891397329443e+01
5.000709752855936330e+01
5.001188971331232125e+01
5.001666746957447884e+01
5.002136382283116944e+01
5.002605066288908375e+01
5.003067232550084498e+01
5.003524323998988166e+01
5.003977203427285048e+01
5.004423466643887508e+01
5.004866850113234023e+01
5.005307149156186597e+01
5.005742441892478212e+01
5.006173680342454446e+01
5.006601366664423836e+01
5.007023856213761803e+01
5.007441417135763828e+01
5.007855786016709487e+01
5.008263292873333228e+01
5.008669857644353840e+01
5.009068260995333333e+01
5.009468821585471687e+01
5.009861479223731351e+01
5.010252216638642153e+01
5.010637709754024627e+01
5.011020444599215296e+01
5.011399801349467253e+01
5.011772140018283039e+01
5.012140608529576014e+01
5.012509497172508333e+01
5.012873869790614378e+01
5.013233494990929273e+01
5.013592414186203428e+01
5.013941916818830435e+01
5.014292657156585165e+01
5.014637974889760130e+01
5.014979094568561635e+01
5.015318512542469165e+01
5.015653308519644327e+01
5.015983113915793012e+01
5.016311507643296608e+01
5.016638871340258987e+01
5.016960538773031431e+01
5.017279652247158594e+01
5.017595043467328253e+01
5.017907311705352669e+01
5.018217192155320561e+01
5.018524095057840384e+01
5.018826098245877887e+01
5.019128111937568804e+01
5.019424017019801454e+01
5.019719525601063737e+01
5.020010003431689682e+01
5.020300516144201453e+01
5.020585693800595806e+01
5.020867684010417520e+01
5.021146909704272332e+01
5.021425125167445458e+01
5.021700314201807203e+01
5.021972213940804153e+01
5.022240437027690518e+01
5.022505477509746896e+01
5.022769692636711625e+01
5.023029639492757781e+01
5.023289056698962440e+01
5.023544893118997834e+01
5.023797545055380454e+01
5.024047695266362012e+01
5.024293871191232341e+01
5.024540695877595908e+01
5.024784017825685112e+01
5.025025001823799897e+01
5.025262279126493326e+01
5.025499377935200584e+01
5.025732326289560348e+01
5.025963768798829534e+01
5.026192964833269627e+01
5.026420519190453007e+01
5.026644221852131977e+01
5.026866588557814453e+01
5.027085687233316236e+01
5.027303801161183827e+01
5.027518518448319185e+01
5.027732735247736429e+01
5.027943388663455693e+01
5.028153280474617759e+01
5.028360172057843158e+01
5.028564852768787574e+01
5.028768530660021696e+01
5.028968661202584656e+01
5.029168836864493386e+01
5.029365939348389958e+01
5.029560800808741305e+01
5.029754000046225570e+01
5.029944530121458968e+01
5.030132219256753245e+01
5.030319532078283373e+01
5.030505356919185544e+01
5.030689051157797564e+01
5.030869542321636345e+01
5.031049830183962257e+01
5.031228068519618546e+01
5.031403321005988261e+01
5.031578530412085826e+01
5.031750363752458810e+01
5.031922543425954331e+01
5.032091660961602031e+01
5.032259800551064188e+01
5.032425372017915066e+01
5.032589547877383040e+01
5.032751116332864427e+01
5.032912280022510743e+01
5.033071153801187592e+01
5.033228907324836143e+01
5.033385083312384012e+01
5.033539360823856867e+01
5.033692080407810465e+01
5.033844352848657167e+01
5.033993721447622249e+01
5.034142699027103163e+01
5.034289444516186762e+01
5.034435111609721503e+01
5.034578894067084320e+01
5.034721450542026844e+01
5.034862203948295445e+01
5.035002352647398283e+01
5.035140414687938915e+01
5.035277326736601111e+01
5.035412493604243167e+01
5.035547452295939763e+01
5.035680008323905099e+01
5.035811395173663385e+01
5.035941171420171969e+01
5.036070927153323140e+01
5.036198424326330070e+01
5.036325572883975354e+01
5.036450669188005946e+01
5.036574220068635555e+01
5.036696802663463757e+01
5.036818496133624734e+01
5.036938544096047110e+01
5.037058193010043539e+01
5.037175688668116891e+01
5.037292540725130152e+01
5.037407675347735392e+01
5.037522337905026859e+01
5.037635304638897082e+01
5.037747241569292100e+01
5.037857564800803800e+01
5.037967720071028310e+01
5.038076310830049920e+01
5.038184508504200210e+01
5.038290590083141041e+01
5.038396885344790377e+01
5.038500587002193498e+01
5.038604101464798646e+01
5.038706063824930226e+01
5.038807869576495335e+01
5.038907822755384558e+01
5.039007189487251281e+01
5.039105504130552049e+01
5.039203144095220921e+01
5.039300017612355020e+01
5.039395497242376365e+01
5.039489937895437777e+01
5.039583665638212295e+01
5.039676135250577715e+01
5.039767907055270513e+01
5.039858419720621185e+01
5.039949059070583814e+01
5.040037832175649868e+01
5.040125909344072852e+01
5.040212777772272545e+01
5.040299230371416428e+01
5.040384936869943289e+01
5.040469434579295438e+01
5.040553427228497441e+01
5.040636785144270249e+01
5.040718756935952172e+01
5.040800037720381255e+01
5.040880027857834023e+01
5.040959328475310031e+01
5.041038171721934447e+01
5.041116095170257694e+01
5.041192833925309458e+01
5.041269653543132279e+01
5.041345345063943029e+01
5.041420264824121489e+01
5.041494611755359756e+01
5.041568157015139207e+01
5.041640736344051277e+01
5.041712433009062977e+01
5.041783532713228055e+01
5.041854263859705299e+01
5.041923886411905897e+01
5.041993189459581259e+01
5.042061297684249155e+01
5.042129416283732013e+01
5.042196222322913712e+01
5.042262893247441014e+01
5.042328493608624029e+01
5.042393824885112963e+01
5.042458087878316064e+01
5.042522131703044153e+01
5.042585103348191211e+01
5.042647532000540167e+01
5.042709600068303644e+01
5.042771229593495264e+01
5.042831605703941023e+01
5.042892020702984013e+01
5.042951448639591661e+01
5.043010533075224799e+01
5.043068645600082789e+01
5.043126411355733296e+01
5.043183571159619305e+01
5.043240198580918587e+01
5.043295954685726912e+01
5.043351586999357750e+01
5.043406325968020099e+01
5.043460754331887586e+01
5.043514377356076039e+01
5.043567806985834778e+01
5.043620488231995580e+01
5.043672689189879321e+01
5.043724388609364695e+01
5.043775778764008066e+01
5.043826644985550445e+01
5.043876704600309324e+01
5.043926175129347200e+01
5.043975491637340980e+01
5.044024045158322167e+01
5.044072232395977551e+01
5.044120164434859532e+01
5.044167598452814616e+01
5.044214511846534776e+01
5.044260617029844695e+01
5.044306624065168165e+01
5.044351883610620746e+01
5.044396721682681317e+01
