4.884000000000000008e-01
1.287131999999881815e+00
1.768263089999853710e+00
2.549062695299935566e+00
3.035892753167969804e+00
3.557605894543095726e+00
4.011399326554387912e+00
4.462332541871818492e+00
4.932286414743952463e+00
5.357620045172347467e+00
5.779514283163964983e+00
6.193250090456848156e+00
6.604798586394661442e+00
7.018461996636398581e+00
7.419996311298226566e+00
7.823793708802326385e+00
8.221679925234955277e+00
8.603448897518513050e+00
8.974056458978502349e+00
9.341949347172533891e+00
9.705999725097026243e+00
1.007013434743615576e+01
1.042116838259526368e+01
1.077694566595275028e+01
1.112397970074730935e+01
1.145999852800773056e+01
1.179465927917460988e+01
1.212269534915817815e+01
1.243582838141897184e+01
1.275800898849479381e+01
1.307785542994785999e+01
1.338740006430078999e+01
1.369558920511648381e+01
1.399897390124577434e+01
1.429292977136836207e+01
1.459695986514714861e+01
1.489481579850689741e+01
1.519286463832808920e+01
1.549045844175266673e+01
1.576453414405152387e+01
1.604851265556432338e+01
1.632130662824560829e+01
1.658409484385173371e+01
1.685003219069431779e+01
1.710720535384856689e+01
1.736772331039180983e+01
1.762078644540919115e+01
1.786938602035224122e+01
1.810358589982583766e+01
1.834308274599874622e+01
1.857371105879159501e+01
1.880299141806682783e+01
1.903335888249375429e+01
1.925801785894147500e+01
1.948310361112926969e+01
1.970674400244528712e+01
1.991658508543790163e+01
2.012077515490065593e+01
2.032828267859889593e+01
2.053205707662866075e+01
2.073007306550981355e+01
2.092897982540490176e+01
2.113093843901794955e+01
2.132689567492277405e+01
2.151716160340698636e+01
2.170833471142868376e+01
2.189182655265503996e+01
2.207843033720782699e+01
2.226165342624852528e+01
2.243244773936504544e+01
2.261642875300442057e+01
2.278563685330008326e+01
2.295936076213237342e+01
2.312856261142810865e+01
2.329355314000837041e+01
2.346884666399897057e+01
2.364485642085811534e+01
2.380974327421014181e+01
2.396754760303038978e+01
2.411740007309368750e+01
2.426964747041618509e+01
2.442241041448086847e+01
2.458145312063706811e+01
2.473630001177108895e+01
2.489265064598970412e+01
2.503769176004049868e+01
2.518322060037285937e+01
2.533046427098923203e+01
2.547057809440500620e+01
2.561440103176675720e+01
2.575253605404202517e+01
2.588752671362134095e+01
2.602144514106947071e+01
2.615237499792394615e+01
2.628094583963098785e+01
2.640876982743158052e+01
2.653691597325013873e+01
2.666359203928706734e+01
2.679258660175593576e+01
2.691504105774554034e+01
2.703385515572282571e+01
2.714934311781495779e+01
2.726844755264533404e+01
2.738994806735594167e+01
2.750137302491408064e+01
2.760966479283274211e+01
2.771804532449548830e+01
2.782721846417998179e+01
2.793472568998611649e+01
2.804657474861584632e+01
2.815551773798237534e+01
2.826458387165756392e+01
2.837135889553561441e+01
2.847404687907404153e+01
2.857310047245380602e+01
2.866943207944707339e+01
2.876844680502345852e+01
2.886622454776756186e+01
2.896525436397348585e+01
2.906117705096778181e+01
2.915461367109636370e+01
2.924886460588923498e+01
2.934079394454314027e+01
2.942828907902920577e+01
2.951597332152521247e+01
2.959697268302149098e+01
2.968308112550911204e+01
2.976763087835027832e+01
2.985136275882999257e+01
2.993217880295702571e+01
3.001443394699670719e+01
3.009817174136156126e+01
3.018420347952979554e+01
3.026456725996965957e+01
3.034602602647314029e+01
3.042497080690684896e+01
3.050605760178435588e+01
3.058396133848003728e+01
3.065878753688927816e+01
3.073026841711273249e+01
3.079966324285944168e+01
3.087246096166659370e+01
3.094121880706735084e+01
3.100995433316749228e+01
3.108355361645686088e+01
3.115373896558930866e+01
3.121669829757210124e+01
3.128172115566471589e+01
3.134805953412952206e+01
3.141147527320253374e+01
3.147578487221678500e+01
3.153848673125564872e+01
3.159928100681341689e+01
3.166024088762768685e+01
3.171846391260147158e+01
3.177724193893499205e+01
3.183416038098847523e+01
3.189587623458662335e+01
3.195374630295328089e+01
3.201069376058998017e+01
3.206903445851360601e+01
3.212554262164129426e+01
3.218003314593407538e+01
3.223842888989835131e+01
3.229116170416264708e+01
3.234544322019571183e+01
3.239916306538393087e+01
3.244846294956463595e+01
3.250246284315032597e+01
3.255440419869829327e+01
3.260502918209692069e+01
3.265348027980417811e+01
3.270199718636740727e+01
3.275106583294379448e+01
3.279612919851909680e+01
3.284323955442661713e+01
3.289057796924148391e+01
3.293811828853453250e+01
3.298493250373233110e+01
3.303061672639529434e+01
3.307350165286499077e+01
3.311675236253090304e+01
3.315708206813793879e+01
3.319823233554980391e+01
3.324087507500098582e+01
3.328271751565933556e+01
3.332684041606752601e+01
3.336894948622926904e+01
3.340927708927474526e+01
3.344948573496049704e+01
3.349053671211832750e+01
3.352828790773445178e+01
3.356407894511668388e+01
3.360148137776392474e+01
3.363806863287268811e+01
3.367467040334529571e+01
3.371323539811159264e+01
3.374985442974221428e+01
3.378497266101548746e+01
3.382040284170020783e+01
3.385486241407374308e+01
3.388840703924763886e+01
3.392194450186815402e+01
3.395723959540936931e+01
3.399166693665094385e+01
3.402420830309413446e+01
3.405740814166654928e+01
3.408906466707417593e+01
3.412262994984206443e+01
3.415462341307006255e+01
3.418605460403300356e+01
3.421589993752755987e+01
3.424495991170368114e+01
3.427557513484526197e+01
3.430709470628339375e+01
3.433500349431980680e+01
3.436525698928844719e+01
3.439423668891462427e+01
3.442517392998125558e+01
3.445057723990733223e+01
3.447819213210928524e+01
3.450770061691946466e+01
3.453508817938381270e+01
3.456243578822770246e+01
3.458780462957310675e+01
3.461437875404473630e+01
3.464165693649641753e+01
3.467033740735925562e+01
3.469427181184168774e+01
3.471925823805739952e+01
3.474411372578964574e+01
3.477020217653168288e+01
3.479502927668036705e+01
3.481846378631732364e+01
3.484395826339542879e+01
3.486668138228761649e+01
3.489024094945915522e+01
3.491252111550167569e+01
3.493553868853245348e+01
3.495650635327125855e+01
3.497931683673113668e+01
3.500299949627944329e+01
3.502446003202467750e+01
3.504567987244465854e+01
3.506532718354294076e+01
3.508581789981001009e+01
3.510769011994270272e+01
3.512910970663102717e+01
3.514995119838975768e+01
3.516860284483598065e+01
3.518727062110809811e+01
3.520827952944410555e+01
3.522886384597708798e+01
3.524784233159515878e+01
3.526843748845998050e+01
3.528775520054765735e+01
3.530626921564345366e+01
3.532442432136996757e+01
3.534381152640635548e+01
3.536266423697057348e+01
3.538014083295063017e+01
3.539792891406622743e+01
3.541534512195614326e+01
3.543323445579061826e+01
3.545091672858806220e+01
3.546837337811967927e+01
3.548546221102619569e+01
3.550260563709444739e+01
3.551992938002753419e+01
3.553577400947759912e+01
3.555144693296866620e+01
3.556746195580498693e+01
3.558292045659769087e+01
3.559828870157877390e+01
3.561424838919020885e+01
3.562948734342272417e+01
3.564469250336717465e+01
3.566034501709368243e+01
3.567434218325706752e+01
3.568903517008455850e+01
3.570391699752604353e+01
3.571781303880737113e+01
3.573246336029599490e+01
3.574617595543089266e+01
3.576081119819514242e+01
3.577496366801633343e+01
3.578911009367239160e+01
3.580353419797096137e+01
3.581603253624840022e+01
3.582916176674086017e+01
3.584239287611813296e+01
3.585629692839448524e+01
3.586923816531353992e+01
3.588110291453740786e+01
3.589251564575416609e+01
3.590528394482641517e+01
3.591759782446661831e+01
3.593047088289501545e+01
3.594252970900598143e+01
3.595456206574326075e+01
3.596598859406169169e+01
3.597831070718797264e+01
3.598944736311874237e+01
3.600059637174935290e+01
3.601161504689873283e+01
3.602281735093112047e+01
3.603406923052232003e+01
3.604499375752292423e+01
3.605509857932398177e+01
3.606519195231210517e+01
3.607580531544791569e+01
3.608695799532313941e+01
3.609638209763407701e+01
3.610577651054516224e+01
3.611536242660537255e+01
3.612478499865589043e+01
3.613373753873275973e+01
3.614334878365916381e+01
3.615252423613805632e+01
3.616260057726716326e+01
3.617204669127015393e+01
3.618114023057223960e+01
3.619028042886439067e+01
3.619966004138276361e+01
3.620871082258918960e+01
3.621731253246760929e+01
3.622614921588407810e+01
3.623461339910730317e+01
3.624294112354617425e+01
3.625125152631808589e+01
3.626010639238293010e+01
3.626852076422962767e+01
3.627658789509727910e+01
3.628435260633006720e+01
3.629240207057225120e+01
3.630065392134398650e+01
3.630869688851855415e+01
3.631676424074014875e+01
3.632429568544831255e+01
3.633182140625852696e+01
3.633960978168403244e+01
3.634704745056652087e+01
3.635451042051486326e+01
3.636185101190384472e+01
3.636950582262317511e+01
3.637711840425101428e+01
3.638425641629214624e+01
3.639157990545274401e+01
3.639916618403211857e+01
3.640587341090620299e+01
3.641256697158087974e+01
3.641956663804205618e+01
3.642612699685912503e+01
3.643232810624004259e+01
3.643898877137332448e+01
3.644543046393372521e+01
3.645190550770144711e+01
3.645833792456316758e+01
3.646488944898929674e+01
3.647103123620438225e+01
3.647705257283533342e+01
3.648323418327946399e+01
3.648903312892589668e+01
3.649503184233240916e+01
3.650122059310522360e+01
3.650716117522983239e+01
3.651315350778622104e+01
3.651851818645400982e+01
3.652407929489454119e+01
3.652962156093307300e+01
3.653522003403028862e+01
3.654096192704984958e+01
3.654665353646213788e+01
3.655196799647848138e+01
3.655733654295757162e+01
3.656260524799274947e+01
3.656796520339902656e+01
3.657261335398563773e+01
3.657762480673626726e+01
3.658323346880279558e+01
3.658827687527460881e+01
3.659333068459551441e+01
3.659811885387882313e+01
3.660328078430070775e+01
3.660815075900439552e+01
3.661274871083545435e+01
3.661770153772319247e+01
3.662226935825555785e+01
3.662688668226156352e+01
3.663157010690580506e+01
3.663620669730364909e+01
3.664088731149229972e+01
3.664511454276241409e+01
3.664932839006983301e+01
3.665348484585545208e+01
3.665796403708641549e+01
3.666210692089985201e+01
3.666631752600745386e+01
3.667058675768635823e+01
3.667460296733319325e+01
3.667864363687545648e+01
3.668257992395023592e+01
3.668652435016498004e+01
3.669054951220458349e+01
3.669477927648750182e+01
3.669865264045261455e+01
3.670219827924636036e+01
3.670576869357129368e+01
3.670934978233098889e+01
3.671310987583734686e+01
3.671659859652455538e+01
3.672044458234038444e+01
3.672391479300218720e+01
3.672755665259854396e+01
3.673100147057848375e+01
3.673445969980088677e+01
3.673773661900565202e+01
3.674123346167318971e+01
3.674471480989284800e+01
3.674814651444642521e+01
3.675137359212277488e+01
3.675467886550281804e+01
3.675765178012685652e+01
3.676079440702140033e+01
3.676389150428966701e+01
3.676692830970522863e+01
3.677001906553988420e+01
3.677291743702895843e+01
3.677593178443092370e+01
3.677896024846195644e+01
3.678185618701434123e+01
3.678478100528418082e+01
3.678785096026615520e+01
3.679070082589402091e+01
3.679360892566584340e+01
3.679658517445998456e+01
3.679953791126752805e+01
3.680232993518605866e+01
3.680507688573977987e+01
3.680766293997450589e+01
3.681028077405022003e+01
3.681289620644338356e+01
3.681549254618002465e+01
3.681795805675768207e+01
3.682051657161411384e+01
3.682320937966250085e+01
3.682568419359367340e+01
3.682830438729769185e+01
3.683084629977702917e+01
3.683312364947391870e+01
3.683544230081606941e+01
3.683783345481089810e+01
3.684020921252630387e+01
3.684254119115826143e+01
3.684472361967370801e+01
3.684695032269501525e+01
3.684912715211294199e+01
3.685125387048832835e+01
3.685347356320109213e+01
3.685575538726725142e+01
3.685792305068329711e+01
3.685994846548480552e+01
3.686213171289816160e+01
3.686423594754788269e+01
3.686637574833765996e+01
3.686845305335845779e+01
3.687067788066102736e+01
3.687268089101726787e+01
3.687460043040243818e+01
3.687662369560572273e+01
3.687867025303264512e+01
3.688055652344251456e+01
3.688241087235329019e+01
3.688437251232480207e+01
3.688632733482157278e+01
3.688822375155686473e+01
3.689019235883740322e+01
3.689186723887284103e+01
3.689362536615869459e+01
3.689538376392565766e+01
3.689701693163839735e+01
3.689878805502807779e+01
3.690061232802547408e+01
3.690243550661634941e+01
3.690400895105231172e+01
3.690571639677634153e+01
3.690733340517363104e+01
3.690893574099715124e+01
3.691055170416286302e+01
3.691209133160065647e+01
3.691363808476893382e+01
3.691509888379569304e+01
3.691664191480290924e+01
3.691826186238101570e+01
3.691979233217592338e+01
3.692125636995096727e+01
3.692274133538244740e+01
3.692419181350082624e+01
3.692564655773110616e+01
3.692709471874113802e+01
3.692859278887476648e+01
3.693000302479101293e+01
3.693141718959348196e+01
3.693279298648202058e+01
3.693411904939664225e+01
3.693544622314956172e+01
3.693675084619579962e+01
3.693812142415385580e+01
3.693942736815408523e+01
3.694074186081305555e+01
3.694199091694690651e+01
3.694328807540906467e+01
3.694453615363062227e+01
3.694581268780277838e+01
3.694707017774531010e+01
3.694833261088498233e+01
3.694955332835114348e+01
3.695077291573068123e+01
3.695190354301717406e+01
3.695312763074060314e+01
3.695423253411787812e+01
3.695539608443358048e+01
3.695658592236758011e+01
3.695774404709145244e+01
3.695881264006597178e+01
3.695995180663732782e+01
3.696110184358679618e+01
3.696219479863184887e+01
3.696335269484177388e+01
3.696441113594956107e+01
3.696548815377878583e+01
3.696654574057328091e+01
3.696753940062477284e+01
3.696861602605056163e+01
3.696964173459172542e+01
3.697073206230448505e+01
3.697173049558889346e+01
3.697271803853785599e+01
3.697370377854146994e+01
3.697465479789379827e+01
3.697568641413835877e+01
3.697664722819116179e+01
3.697759886490297276e+01
3.697848426184096837e+01
3.697939416073169383e+01
3.698038901166718517e+01
3.698132756574405988e+01
3.698230057071458532e+01
3.698319286748329660e+01
3.698404411860070695e+01
3.698495682041200183e+01
3.698580175729395592e+01
3.698663356951568204e+01
3.698743469234708670e+01
3.698822398540598755e+01
3.698898875195642688e+01
3.698979527256798150e+01
3.699056927411881901e+01
3.699136341304851072e+01
3.699211547545308321e+01
3.699285678165847457e+01
3.699361131777084211e+01
3.699433822433691432e+01
3.699509204723473488e+01
3.699582659026611964e+01
3.699656848908816187e+01
3.699732903110953686e+01
3.699808397822231854e+01
3.699874213930579003e+01
3.699943805508329575e+01
3.700010847912754741e+01
3.700080374332548416e+01
3.700151627325107029e+01
3.700218192788501170e+01
3.700284967097093158e+01
3.700352248615583761e+01
3.700416806407537962e+01
3.700487931095211280e+01
3.700550244140190159e+01
3.700609320326987017e+01
3.700670452151248213e+01
3.700735310105741860e+01
3.700798164974128923e+01
3.700860562480416149e+01
3.700922194782716446e+01
3.700979491639493801e+01
3.701037599712402226e+01
3.701095099297724289e+01
3.701152268082284280e+01
3.701214801561701506e+01
3.701273226043559816e+01
3.701332830184054501e+01
3.701387928735930899e+01
3.701439250925861302e+01
3.701493457376410845e+01
3.701546059602119243e+01
3.701597059230250863e+01
3.701652977055166360e+01
3.701707575011210594e+01
3.701758128792374691e+01
3.701809884592324096e+01
3.701863551412657216e+01
3.701913428698328801e+01
3.701962760539587549e+01
3.702010028097644323e+01
3.702057280408102713e+01
3.702104513049164325e+01
3.702153761568465029e+01
3.702200009895772581e+01
3.702247795025690635e+01
3.702293797275938658e+01
3.702341557399404337e+01
3.702387432957494440e+01
3.702432744237702877e+01
3.702477936699791172e+01
3.702520898371700042e+01
3.702564044756036310e+01
3.702605016210372213e+01
3.702649009942997083e+01
3.702689563454046606e+01
3.702734963516996913e+01
3.702774963175565404e+01
3.702817840316882325e+01
3.702858933545469000e+01
3.702901373135581053e+01
3.702939703114644487e+01
3.702978372058659318e+01
3.703015462576393446e+01
3.703055975762377017e+01
3.703092957113332773e+01
3.703132432818679121e+01
3.703168783912541784e+01
3.703207456615508164e+01
3.703245604499551291e+01
3.703282601905554117e+01
3.703318772551986626e+01
3.703355804154521991e+01
3.703390459101987631e+01
3.703424603344974742e+01
3.703464370389648508e+01
3.703497175520029572e+01
3.703530162293335337e+01
3.703564127998123467e+01
3.703599034146098035e+01
3.703630685717264726e+01
3.703665034935779232e+01
3.703698949778196692e+01
3.703732915364138734e+01
3.703761968761573087e+01
3.703795170247772006e+01
3.703827370398339269e+01
3.703859709505722719e+01
3.703889914087955049e+01
3.703920621366852117e+01
3.703951259183764932e+01
3.703981659809195293e+01
3.704013057829741484e+01
3.704042053326352857e+01
3.704072410309367314e+01
3.704100961716490303e+01
3.704129503952055558e+01
3.704156900945240949e+01
3.704185184725545810e+01
3.704211806688665831e+01
3.704237846416051383e+01
3.704263901059395181e+01
3.704289980105509272e+01
3.704317343776934734e+01
3.704343486692537368e+01
3.704368658932492764e+01
3.704394602928807956e+01
3.704419250677378272e+01
3.704445203272103981e+01
3.704469626121741044e+01
3.704494273453745734e+01
3.704518889347851029e+01
3.704540962165427942e+01
3.704565986690140988e+01
3.704589278466202984e+01
3.704613402750287321e+01
3.704637684021593458e+01
3.704658845537007750e+01
3.704682063427486582e+01
3.704704036138578971e+01
3.704726823009640668e+01
3.704748757647584512e+01
3.704771344388100829e+01
3.704794126596642201e+01
3.704816055299961874e+01
3.704838954408000262e+01
3.704859998973424950e+01
3.704881314918362278e+01
3.704902923331160736e+01
3.704925524586136731e+01
3.704944262566009172e+01
3.704966738043530228e+01
3.704986230336464104e+01
3.705005364400126666e+01
3.705024612506038295e+01
3.705043614778726635e+01
