4.845999999999999752e-01
6.965589999999889370e-01
8.883645699999990208e-01
1.074176828499981307e+00
1.264182719277971545e+00
1.455712115327838729e+00
1.644949625357455814e+00
1.843199924857268357e+00
2.018890514676339620e+00
2.209450212501434141e+00
2.385985593543156202e+00
2.558875410440518472e+00
2.727554451528095392e+00
2.916835736188983397e+00
3.094494254900238772e+00
3.259023418143116135e+00
3.426930890603024249e+00
3.593159288338337642e+00
3.753135576408308971e+00
3.925556968202774222e+00
4.087993286009606209e+00
4.247590648836014893e+00
4.403106983206589220e+00
4.565083658498250152e+00
4.732354534676114000e+00
4.875784793349319024e+00
5.017395727862864696e+00
5.173599750032612299e+00
5.330053058269919930e+00
5.471268584098591070e+00
5.617211467768110644e+00
5.762646916981490008e+00
5.905105552997207852e+00
6.042838042202824056e+00
6.169813903916360864e+00
6.307830341675281893e+00
6.447252267928798908e+00
6.580729610953056863e+00
6.711575326816544340e+00
6.844491230766691636e+00
6.970859995960512201e+00
7.101329558034351841e+00
7.223151041217025004e+00
7.362318644739199947e+00
7.493347150404289891e+00
7.623001752464092284e+00
7.750415073056540649e+00
7.866203738887826091e+00
7.989661767076303711e+00
8.112312997050537433e+00
8.241421291777706770e+00
8.361991135879360826e+00
8.472342191554618651e+00
8.583644365409959676e+00
8.704003929773820758e+00
8.815967964119330702e+00
8.925559235475938991e+00
9.034280156195134026e+00
9.152018484814881560e+00
9.262555180247343145e+00
9.371111058097689295e+00
9.483619048376040084e+00
9.591462588465191175e+00
9.695891708764456496e+00
9.797279271208157780e+00
9.902075852469909734e+00
1.000335180975544702e+01
1.010239104167710167e+01
1.020301479931238653e+01
1.030838044521513552e+01
1.040690282234156250e+01
1.050115771086757732e+01
1.059374256345284593e+01
1.068823440210613107e+01
1.078525130467948046e+01
1.088030980627981847e+01
1.097693347905003769e+01
1.106585707436824073e+01
1.115987302142867676e+01
1.124951327727653450e+01
1.133619852378260262e+01
1.143012469588728131e+01
1.151552352348964980e+01
1.160401986788982853e+01
1.169059951521358265e+01
1.178014367717460331e+01
1.186588519138306275e+01
1.195156182012136092e+01
1.203237607076227000e+01
1.210911161750137310e+01
1.218856050373812572e+01
1.226869743432844828e+01
1.235069073691587960e+01
1.242915440038176378e+01
1.250395642621923820e+01
1.258466913396321551e+01
1.266076424344870155e+01
1.273511758655727455e+01
1.281533771399881338e+01
1.288647369628265515e+01
1.295865527398174954e+01
1.303007879870212449e+01
1.310509306774734561e+01
1.317783000259891857e+01
1.324460059092429809e+01
1.331495020936322682e+01
1.338235635242600452e+01
1.345103308060875946e+01
1.352091446615473025e+01
1.359163517138699540e+01
1.366115211993442280e+01
1.372738488921257627e+01
1.379684867715629437e+01
1.385848716336533037e+01
1.392580544817585242e+01
1.398986911491812535e+01
1.404955221201560711e+01
1.411002692826002836e+01
1.417389841058165167e+01
1.423443977860257981e+01
1.429245969843892361e+01
1.435037363761671081e+01
1.440967436963700088e+01
1.446640677257568974e+01
1.451992608227891601e+01
1.457951541922498073e+01
1.463738142001942322e+01
1.469151558520495904e+01
1.475005331359040817e+01
1.480384862959641978e+01
1.485927202651853740e+01
1.491097823821179347e+01
1.496336153591198403e+01
1.501740151510935029e+01
1.506910650483124137e+01
1.512407946837543626e+01
1.517761051812168205e+01
1.522929398192240846e+01
1.527861181686730419e+01
1.532795588470318116e+01
1.537075833897440447e+01
1.542219915126506535e+01
1.546616577352484789e+01
1.551399315480371044e+01
1.555837853274138105e+01
1.560553358648835776e+01
1.564804439138632119e+01
1.569254933111264272e+01
1.573812307408384292e+01
1.578310686642098837e+01
1.582857091834110363e+01
1.587138795704836625e+01
1.591186683027786763e+01
1.595456238303711238e+01
1.599859660360552382e+01
1.604187458429896651e+01
1.608273910679896090e+01
1.612352523613333588e+01
1.616349481725089632e+01
1.620460218276350162e+01
1.624261476246105573e+01
1.628435149347304289e+01
1.632280500107012244e+01
1.636036871923418445e+01
1.639953836893938899e+01
1.643734496870268913e+01
1.647603683333103319e+01
1.651370709697225081e+01
1.654942981918346945e+01
1.658334995767798858e+01
1.661964779908442225e+01
1.665543920952996260e+01
1.669513324651316921e+01
1.673015968370042827e+01
1.676534042701831595e+01
1.679810236374068211e+01
1.683130405453490042e+01
1.686565936339910010e+01
1.690062378260422804e+01
1.693379903303495837e+01
1.696859184580098301e+01
1.700238805087927929e+01
1.703501144331302086e+01
1.706821457526492480e+01
1.710056641006627132e+01
1.713047612192932689e+01
1.716017926984483211e+01
1.718937163465597351e+01
1.721960222164650034e+01
1.724896186542599708e+01
1.727727237331078669e+01
1.730461045747096449e+01
1.733460813829515246e+01
1.736225028970977036e+01
1.739189293941478098e+01
1.742018252952598090e+01
1.744690604850331894e+01
1.747562685762551027e+01
1.750445688867091221e+01
1.753174002246010232e+01
1.755904508019616372e+01
1.758631583913545171e+01
1.761102903594505875e+01
1.763818610791838637e+01
1.766285796330523894e+01
1.769011167623472147e+01
1.771646215601344920e+01
1.774318600783686861e+01
1.776967970985230849e+01
1.779401138731876486e+01
1.781577330673646031e+01
1.783978872380080460e+01
1.786276831106324181e+01
1.788736395116011835e+01
1.791049149489986547e+01
1.793442483625070594e+01
1.795753704620780411e+01
1.797911935563324803e+01
1.800107842374119116e+01
1.802218696928762043e+01
1.804495829706361576e+01
1.806751276026961861e+01
1.808683441708273421e+01
1.810936535920559720e+01
1.813002885943842912e+01
1.815077751897688785e+01
1.817133932594598633e+01
1.819153209335904364e+01
1.821105779469221275e+01
1.823047833429884435e+01
1.824846585831555856e+01
1.826946220453138281e+01
1.828970464455890621e+01
1.830983120535907105e+01
1.832929002206853397e+01
1.834706513705421571e+01
1.836532496792738200e+01
1.838402109399300244e+01
1.840199985783017311e+01
1.841944575159168096e+01
1.843569542016244966e+01
1.845326442200046557e+01
1.847077193233205961e+01
1.848953931578548904e+01
1.850780046689845193e+01
1.852448113733715118e+01
1.854123127505457092e+01
1.855795592893506551e+01
1.857409154418175490e+01
1.859058163019696508e+01
1.860776603562338138e+01
1.862428105982328219e+01
1.863959814290930694e+01
1.865519463564885427e+01
1.866922581624257305e+01
1.868588406677001501e+01
1.870126916752566615e+01
1.871625109622129557e+01
1.873129263531389199e+01
1.874605047198101460e+01
1.876007426732907035e+01
1.877372558539456193e+01
1.878801635993780650e+01
1.880253410560620964e+01
1.881705455423556117e+01
1.883025161396537328e+01
1.884429675732755882e+01
1.885871390718963880e+01
1.887079520546311429e+01
1.888406826360770552e+01
1.889766604959772067e+01
1.891148228856108204e+01
1.892499791766949357e+01
1.893902168244907713e+01
1.895165059726691226e+01
1.896512417823299046e+01
1.897788877268543928e+01
1.898929601324568139e+01
1.900142729843024014e+01
1.901372192467092503e+01
1.902631331775192791e+01
1.903765690377866093e+01
1.904870487987125216e+01
1.906147498862005207e+01
1.907396764566684766e+01
1.908557700447258654e+01
1.909696865929041820e+01
1.910759253463773533e+01
1.911870770134834530e+01
1.913013895042542600e+01
1.914095158653142903e+01
1.915086157900339003e+01
1.916086911457569641e+01
1.917112909727471859e+01
1.918144795648987611e+01
1.919184927281818176e+01
1.920183005005561228e+01
1.921230236142725190e+01
1.922139901946435714e+01
1.923144497231044880e+01
1.924207703814509429e+01
1.925144728177530240e+01
1.926079111394157195e+01
1.927055066012231777e+01
1.927942589910553650e+01
1.928930370091257984e+01
1.929851943815666004e+01
1.930790356114096795e+01
1.931723456989768195e+01
1.932612283088681338e+01
1.933426136885347191e+01
1.934371480183429171e+01
1.935241297006507111e+01
1.936061963310731926e+01
1.936910210371887331e+01
1.937793418334021922e+01
1.938661530778973585e+01
1.939528403063288664e+01
1.940371055010387380e+01
1.941187858537399080e+01
1.942025373868125371e+01
1.942812421680214285e+01
1.943634056709470315e+01
1.944425680438186177e+01
1.945145427534544424e+01
1.945944566434554446e+01
1.946729294132817145e+01
1.947493463324870788e+01
1.948236666465906097e+01
1.948954116581763074e+01
1.949664392196467233e+01
1.950380493667331905e+01
1.951116454923224453e+01
1.951808098512188394e+01
1.952538125680472092e+01
1.953254298013334278e+01
1.953922666877911496e+01
1.954573194357969612e+01
1.955204831520830311e+01
1.955836117216269088e+01
1.956481758447835517e+01
1.957174208668692827e+01
1.957842692706722332e+01
1.958460881279030730e+01
1.959084548237194312e+01
1.959667035528129730e+01
1.960258832632015569e+01
1.960830339990726046e+01
1.961425799287047056e+01
1.962036582502836524e+01
1.962649862197621431e+01
1.963246728427131771e+01
1.963838789178541333e+01
1.964403049827854630e+01
1.964959102787834411e+01
1.965516084877828717e+01
1.966041518757344875e+01
1.966548700723146936e+01
1.967079557633385889e+01
1.967629499657192582e+01
1.968176088904839816e+01
1.968750949454949151e+01
1.969257995586752230e+01
1.969811001978913012e+01
1.970319299210230923e+01
1.970830679217860393e+01
1.971302588038074433e+01
1.971800290161567304e+01
1.972306385693741859e+01
1.972865759913095474e+01
1.973377072562261247e+01
1.973892401454589418e+01
1.974361667872081227e+01
1.974822945106113181e+01
1.975304785556498643e+01
1.975756191033887887e+01
1.976261114369247096e+01
1.976734976922963227e+01
1.977181484375375220e+01
1.977626186988229051e+01
1.978097607227651622e+01
1.978545193091839494e+01
1.978959694538770719e+01
1.979388790652641106e+01
1.979806638698650545e+01
1.980248067120011513e+01
1.980692106543520836e+01
1.981103271759372930e+01
1.981557916162600108e+01
1.981963104570401057e+01
1.982327918489551166e+01
1.982702446224374171e+01
1.983091709444410355e+01
1.983462828446296911e+01
1.983823563049335803e+01
1.984210136316963968e+01
1.984604616593470539e+01
1.984972767040056851e+01
1.985351521699505284e+01
1.985708900896533180e+01
1.986068450478636649e+01
1.986420850355371215e+01
1.986765679765765569e+01
1.987110196014759111e+01
1.987465578982032710e+01
1.987806824225139835e+01
1.988145840022100330e+01
1.988449174659933050e+01
1.988786578813649442e+01
1.989112409855816210e+01
1.989453651869976625e+01
1.989781838373782108e+01
1.990095605243340415e+01
1.990394262933408953e+01
1.990702253676300870e+01
1.991025845124977778e+01
1.991350174535067907e+01
1.991651136026443680e+01
1.991969910080296557e+01
1.992258802062592693e+01
1.992573581613898526e+01
1.992869224800131178e+01
1.993164933394152172e+01
1.993449279871092727e+01
1.993738257662665347e+01
1.994011221091989938e+01
1.994275925806815408e+01
1.994553994308495248e+01
1.994817766640694146e+01
1.995098080627638026e+01
1.995362977345288513e+01
1.995629168670958720e+01
1.995891656979521045e+01
1.996127814470294481e+01
1.996397961633317664e+01
1.996626262771203031e+01
1.996880908193603688e+01
1.997136101159903632e+01
1.997367423311784052e+01
1.997591095169613951e+01
1.997828381414277388e+01
1.998075420892136833e+01
1.998307749751628037e+01
1.998546843688539454e+01
1.998798773194701184e+01
1.999023859058288366e+01
1.999230639993879066e+01
1.999438151276569187e+01
1.999655776215952940e+01
1.999887021551237609e+01
2.000097057696232383e+01
2.000302090550018619e+01
2.000515397828782227e+01
2.000720354830079728e+01
2.000928791358461822e+01
2.001131735302659109e+01
2.001340420546526033e+01
2.001529608392486637e+01
2.001734641859309605e+01
2.001942982317531872e+01
2.002137944342038267e+01
2.002332998691135657e+01
2.002534573650730110e+01
2.002720790793200578e+01
2.002909580095687048e+01
2.003106475733445180e+01
2.003304731333482991e+01
2.003487821859629747e+01
2.003665093768855598e+01
2.003838977935775745e+01
2.004015475748612118e+01
2.004196891872414454e+01
2.004355686821376636e+01
2.004520478369062531e+01
2.004697274188071532e+01
2.004870105753359510e+01
2.005035940427837104e+01
2.005193079444501336e+01
2.005363236658735815e+01
2.005528284238690162e+01
2.005675775430072250e+01
2.005831812434594852e+01
2.005987391348829973e+01
2.006138608384598854e+01
2.006295489823456180e+01
2.006448816157591608e+01
2.006591609041328894e+01
2.006734771008362728e+01
2.006879614679260371e+01
2.007034604819802581e+01
2.007176420798392158e+01
2.007326096956662553e+01
2.007475629264702377e+01
2.007623172793046251e+01
2.007763657776959931e+01
2.007899697908109715e+01
2.008038686842096610e+01
2.008167415082191454e+01
2.008310073871231438e+01
2.008437634158175555e+01
2.008561290649028308e+01
2.008686832868522387e+01
2.008819555712685556e+01
2.008944958515266066e+01
2.009064752299759249e+01
2.009186222439850056e+01
2.009308704831101977e+01
2.009431799634317173e+01
2.009540628301004261e+01
2.009656951897937205e+01
2.009772409370259538e+01
2.009894830538489785e+01
2.010019754840178052e+01
2.010127516464732622e+01
2.010246701167426764e+01
2.010363789863273354e+01
2.010481386018821226e+01
2.010589166084239920e+01
2.010705573539584634e+01
2.010813325829214193e+01
2.010921129145101460e+01
2.011025194276221129e+01
2.011133327843219476e+01
2.011243925886406103e+01
2.011348513778503033e+01
2.011454151163118809e+01
2.011559035747210444e+01
2.011660917991108022e+01
2.011760888815918236e+01
2.011861283624143226e+01
2.011960723086170688e+01
2.012054837725389689e+01
2.012147677775254451e+01
2.012244493894356623e+01
2.012333432208934525e+01
2.012423283716907463e+01
2.012515577022816160e+01
2.012602507982404632e+01
2.012689287186550047e+01
2.012775065402657759e+01
2.012861480295578431e+01
2.012952165824815509e+01
2.013034620902523386e+01
2.013117019114651995e+01
2.013200071138685487e+01
2.013286012883384757e+01
2.013367370789694988e+01
2.013445047312812619e+01
2.013532979103475995e+01
2.013612924432474571e+01
2.013691831797257592e+01
2.013770579757224866e+01
2.013846085709736755e+01
2.013921685168070397e+01
2.014002714673203442e+01
2.014083916776540661e+01
2.014162398155763611e+01
2.014234203565306203e+01
2.014306464705774857e+01
2.014383995040580544e+01
2.014451834265094732e+01
2.014520489933057590e+01
2.014594237652043773e+01
2.014664527015268547e+01
2.014730452856687037e+01
2.014803138427910767e+01
2.014876180247319937e+01
2.014941588891977275e+01
2.015004983339079558e+01
2.015071947580243972e+01
2.015138762391634941e+01
2.015199147374754318e+01
2.015262115135623588e+01
2.015328964527536826e+01
2.015390647997820395e+01
2.015450570600228630e+01
2.015516536480575382e+01
2.015577660679582195e+01
2.015637783617534851e+01
2.015696087566609052e+01
2.015751897187784536e+01
2.015806246290586756e+01
2.015862876192645459e+01
2.015923390646597468e+01
2.015978413435263050e+01
2.016036241595267597e+01
2.016090999941248896e+01
2.016150801702530515e+01
2.016205826996828421e+01
2.016254634270077872e+01
2.016309814424758429e+01
2.016361704778514863e+01
2.016416360248378936e+01
2.016466830938915678e+01
2.016522391273477766e+01
2.016570896595074203e+01
2.016618941900096473e+01
2.016666928118656443e+01
2.016715833164240124e+01
2.016765876791913925e+01
2.016814193428583835e+01
2.016862669757861326e+01
2.016910543466367400e+01
2.016955394837653515e+01
2.017000837304269822e+01
2.017047632186739747e+01
2.017092985484935141e+01
2.017135890203160642e+01
2.017178032992772785e+01
2.017225620391134555e+01
2.017269860853079422e+01
2.017313465113685567e+01
2.017359575165798802e+01
2.017402965939965043e+01
2.017444585627652742e+01
2.017488519470265729e+01
2.017529024239236790e+01
2.017571151246720618e+01
2.017610448568121484e+01
2.017653426149896490e+01
2.017692216844922015e+01
2.017728360645461549e+01
2.017768596524017966e+01
2.017807971967867786e+01
2.017844421642547559e+01
2.017879253473183354e+01
2.017914811122858509e+01
2.017951168264054118e+01
2.017989249206780400e+01
2.018025134414683919e+01
2.018060482871893058e+01
2.018098419042521741e+01
2.018132070222282692e+01
2.018166524148336549e+01
2.018199420225278473e+01
2.018233070092321668e+01
2.018266835678361915e+01
2.018301391137936562e+01
2.018332925316182980e+01
2.018366939384225844e+01
2.018398473496803547e+01
2.018427541995735552e+01
2.018458968945428467e+01
2.018490987062378750e+01
2.018518682187156088e+01
2.018550583354455696e+01
2.018580408421316363e+01
2.018613084364703880e+01
2.018641603310261701e+01
2.018669396143574701e+01
2.018699049965010062e+01
2.018726549009987892e+01
2.018753801586315433e+01
2.018782814670516856e+01
2.018810964562521448e+01
2.018839427961009036e+01
2.018865360095776751e+01
2.018892199238810292e+01
2.018917387076096404e+01
2.018944436477167770e+01
2.018971425930931218e+01
2.018998119434990102e+01
2.019022766176516015e+01
2.019047319670552199e+01
2.019073195069561066e+01
2.019098661543720752e+01
2.019123538847555110e+01
2.019146499310533827e+01
2.019171658679380599e+01
2.019195749017910302e+01
2.019221585905988903e+01
2.019244843389583366e+01
2.019268603135848394e+01
2.019291998262753651e+01
2.019312290013369804e+01
2.019335298800801581e+01
2.019357494867614733e+01
2.019379435696463077e+01
2.019400542152647304e+01
2.019421992000544108e+01
2.019444626536701648e+01
2.019466097057134490e+01
2.019486603908141831e+01
2.019507584505385367e+01
2.019527972758432455e+01
2.019548085480587929e+01
2.019569577843367014e+01
2.019590624551205593e+01
2.019611550175276449e+01
2.019632050235506071e+01
2.019650797614320226e+01
2.019670089893593001e+01
2.019688092134195756e+01
2.019706632152367476e+01
2.019725772194667357e+01
2.019744341308302538e+01
2.019763430375627777e+01
2.019781983794381830e+01
2.019799157092815634e+01
2.019815758516813631e+01
