4.970999999999999863e-01
9.892289999999386296e-01
1.474329495000021195e+00
1.956665127899901879e+00
2.435522238885075019e+00
2.910113823287644230e+00
3.375911127203966355e+00
3.838681572439450296e+00
4.297008862161896481e+00
4.749291251390936885e+00
5.198000417906498249e+00
5.639626011819458995e+00
6.080380889280389667e+00
6.515587440637064631e+00
6.947701607908227217e+00
7.373989531386427210e+00
7.795886856963663014e+00
8.213691650764879171e+00
8.626066625984947223e+00
9.036300656150549671e+00
9.438056543898769135e+00
9.837576274079237848e+00
1.023686847072814210e+01
1.063081860112807142e+01
1.101910073831623293e+01
1.140548349859781752e+01
1.178981203266917532e+01
1.216781966757786648e+01
1.254287741735315720e+01
1.291366156916497587e+01
1.327922149369395122e+01
1.364302980773878460e+01
1.400320003864283791e+01
1.435793835437849353e+01
1.471111883599369818e+01
1.505900889355690175e+01
1.540634498605838232e+01
1.574855303983017762e+01
1.608686122484614600e+01
1.642033351055730606e+01
1.675368213785373328e+01
1.708280319812056547e+01
1.740945262180996878e+01
1.773082333311651482e+01
1.804885181498770308e+01
1.836599027979005072e+01
1.867721762714845823e+01
1.898838797546988388e+01
1.929314411805358276e+01
1.959702216540980757e+01
1.989634891712644560e+01
2.019438942594349484e+01
2.048953847464144928e+01
2.078126640342460263e+01
2.106917624497921082e+01
2.135512755571781440e+01
2.163801999292824618e+01
2.191754779583446577e+01
2.219500606669221199e+01
2.246869492458390383e+01
2.274085063850980859e+01
2.300977019447338634e+01
2.327616143534404003e+01
2.353972949214364618e+01
2.380047790960617604e+01
2.405965952393688667e+01
2.431429180108147037e+01
2.456670924618607543e+01
2.481758704432717622e+01
2.506713068150438062e+01
2.531316446305558898e+01
2.555686037936055044e+01
2.579748884772477169e+01
2.603650326480453003e+01
2.627253336266155870e+01
2.650575610223013712e+01
2.673671649652252569e+01
2.696721217473928078e+01
2.719414721936931656e+01
2.742030465759647839e+01
2.764214191465913473e+01
2.786311209549611689e+01
2.808180678189660995e+01
2.829720723155235618e+01
2.851131345473786993e+01
2.872227847890319552e+01
2.893273492286673232e+01
2.913908462217228390e+01
2.934467161594504603e+01
2.954754862750341360e+01
2.974888254731110138e+01
2.994750192978004222e+01
3.014546398907596014e+01
3.034125007226087689e+01
3.053414521321580821e+01
3.072551554364053317e+01
3.091499122311831371e+01
3.110198742899916979e+01
3.128713234603352689e+01
3.146940905739567285e+01
3.165183957628514477e+01
3.183157609714249858e+01
3.200960493986848832e+01
3.218599555849252170e+01
3.236069259277100230e+01
3.253319013565699436e+01
3.270365255215186551e+01
3.287206917841669451e+01
3.304047352270439575e+01
3.320605694223728221e+01
3.337071280036918353e+01
3.353273893164509190e+01
3.369458858421724301e+01
3.385414521800665000e+01
3.401153390514566865e+01
3.416785240008777436e+01
3.432238954732365244e+01
3.447629152927703444e+01
3.462758538481627824e+01
3.477809207245219625e+01
3.492634524223004888e+01
3.507357527951894127e+01
3.521933301643925063e+01
3.536372032253324704e+01
3.550673565147354083e+01
3.564753788074431640e+01
3.578766492553373268e+01
3.592586051990554097e+01
3.606342003783721850e+01
3.619934414589206284e+01
3.633400377686167815e+01
3.646708897181126474e+01
3.659917502262143785e+01
3.672973004285599785e+01
3.685860238896751895e+01
3.698634050238493387e+01
3.711311987186895323e+01
3.723842955912606811e+01
3.736191152427805662e+01
3.748487595197223499e+01
3.760679438436023503e+01
3.772721485328199975e+01
3.784640711826612147e+01
3.796470445129879323e+01
3.808126605191660019e+01
3.819740720281161828e+01
3.831103830766110008e+01
3.842373850887697273e+01
3.853567322512769522e+01
3.864708136920245352e+01
3.875634568102835686e+01
3.886566834539834758e+01
3.897301875129249282e+01
3.907992953274589354e+01
3.918554784440187433e+01
3.928968877604597054e+01
3.939320528329454874e+01
3.949563502358981992e+01
3.959704046648334241e+01
3.969788703000715202e+01
3.979732457384233157e+01
3.989551989941907806e+01
3.999297863612726189e+01
4.008922959115652418e+01
4.018459499075655117e+01
4.027876865953820840e+01
4.037227399905574998e+01
4.046486295230862140e+01
4.055614716666920572e+01
4.064729610409225558e+01
4.073719846727527027e+01
4.082587903859586476e+01
4.091393021186843981e+01
4.100112723550309823e+01
4.108724350111011603e+01
4.117286894140547560e+01
4.125743349438350549e+01
4.134180236713742573e+01
4.142459216184291648e+01
4.150622313341878566e+01
4.158772578874586401e+01
4.166832422408225511e+01
4.174823708620744611e+01
4.182685015017936081e+01
4.190510193737019051e+01
4.198218175731513213e+01
4.205902284479610387e+01
4.213489703775204021e+01
4.221008806524380930e+01
4.228437005898748424e+01
4.235755368481183325e+01
4.243038679958428361e+01
4.250290539439569670e+01
4.257433944091243916e+01
4.264472472436946759e+01
4.271475836602656528e+01
4.278434970106629009e+01
4.285272041566270929e+01
4.292071499813100388e+01
4.298790106841917691e+01
4.305463634446423526e+01
4.312024666016763064e+01
4.318535188321873619e+01
4.324986455419447395e+01
4.331376427354492620e+01
4.337712055570958825e+01
4.343959099664021295e+01
4.350173019601756863e+01
4.356331599937233534e+01
4.362419415013854973e+01
4.368426359084894983e+01
4.374382830285271950e+01
4.380274392683279672e+01
4.386108215157865686e+01
4.391904650377753683e+01
4.397614889812643213e+01
4.403305102215003330e+01
4.408887590728179617e+01
4.414424876105167073e+01
4.419918964506893388e+01
4.425335647528726213e+01
4.430726912796048111e+01
4.436042784969275488e+01
4.441332612107657241e+01
4.446538487828415498e+01
4.451718357855335029e+01
4.456815993993672009e+01
4.461885634916644960e+01
4.466917724647022681e+01
4.471866959070088399e+01
4.476783053443827498e+01
4.481655873700327675e+01
4.486480937080061437e+01
4.491237075145780011e+01
4.495970879749140181e+01
4.500622474659486727e+01
4.505271407072623191e+01
4.509861841780114844e+01
4.514406372140783219e+01
4.518911794574812291e+01
4.523360062921389613e+01
4.527778045757320768e+01
4.532126812937147520e+01
4.536444267763717875e+01
4.540714243196732980e+01
4.544953878085042476e+01
4.549113565938223047e+01
4.553264237406683179e+01
4.557368026379104720e+01
4.561438965190844641e+01
4.565459872885098491e+01
4.569438565303983779e+01
4.573383429208096373e+01
4.577286091687532377e+01
4.581148559575088797e+01
4.584981653085456799e+01
4.588784428733379173e+01
4.592536332813124034e+01
4.596261563317643351e+01
4.599929178220764925e+01
4.603571479693894730e+01
4.607170100673525326e+01
4.610744590535762910e+01
4.614266264166690945e+01
4.617767157006706213e+01
4.621225372261901043e+01
4.624649695544444938e+01
4.628047974920642815e+01
4.631406183502894436e+01
4.634715407358825701e+01
4.638014080405457662e+01
4.641277141308313503e+01
4.644509196076672453e+01
4.647687380016847669e+01
4.650833463688449854e+01
4.653982763497680253e+01
4.657075290794287525e+01
4.660156049071940743e+01
4.663184893900303507e+01
4.666191929333214716e+01
4.669171892362617626e+01
4.672111074268006803e+01
4.675016163087875043e+01
4.677911690707226455e+01
4.680767895700086711e+01
4.683608083136356726e+01
4.686415070429913499e+01
4.689193149564863461e+01
4.691938191856309004e+01
4.694662630423781735e+01
4.697359011218367186e+01
4.700032991310517616e+01
4.702667742112447513e+01
4.705277197711841097e+01
4.707871497476025269e+01
4.710426446496909847e+01
4.712976522318005124e+01
4.715487956449388207e+01
4.717968522027870648e+01
4.720423043544253972e+01
4.722850077391978374e+01
4.725248714109608983e+01
4.727644272727084029e+01
4.729992797357274981e+01
4.732337386763722975e+01
4.734660862146532168e+01
4.736956485672635608e+01
4.739226638951031845e+01
4.741470696779119720e+01
4.743690074044399552e+01
4.745889253363620952e+01
4.748069294921943850e+01
4.750235795194639365e+01
4.752373744958829604e+01
4.754479664207097755e+01
4.756574857880436724e+01
4.758652648898169701e+01
4.760699740720411910e+01
4.762728817142697579e+01
4.764739426023154323e+01
4.766735945447943124e+01
4.768709521445135380e+01
4.770666310133160692e+01
4.772583681961571500e+01
4.774500181992438286e+01
4.776386645682232057e+01
4.778274637081126031e+01
4.780119634616839619e+01
4.781965798594572448e+01
4.783787271795247875e+01
4.785584726172490377e+01
4.787367617722771485e+01
4.789138546715790312e+01
4.790881910938308863e+01
4.792622302676316792e+01
4.794338218467959223e+01
4.796030827611146918e+01
4.797714625350740647e+01
4.799376062053389802e+01
4.801026849292789933e+01
4.802657191823595184e+01
4.804275615580860403e+01
4.805875282771446422e+01
4.807458794127187218e+01
4.809025367370909976e+01
4.810573310967230043e+01
4.812100833188795690e+01
4.813613844644665818e+01
4.815112028710431247e+01
4.816599576547685757e+01
4.818063051193980328e+01
4.819521731162775779e+01
4.820963643360843065e+01
4.822394878982068178e+01
4.823800544383981048e+01
4.825204709212197685e+01
4.826590083653986341e+01
4.827968379683151312e+01
4.829322489161397414e+01
4.830666716597409049e+01
4.831997501758198865e+01
4.833317768363634315e+01
4.834617994544282027e+01
4.835911206761419123e+01
4.837193162279203307e+01
4.838459746444644338e+01
4.839714801593624571e+01
4.840953429617260184e+01
4.842182766367627522e+01
4.843401893308552530e+01
4.844608100960755337e+01
4.845797681851154692e+01
4.846984167165042834e+01
4.848151370456508857e+01
4.849308067270693812e+01
4.850451350877482071e+01
4.851580802691560024e+01
4.852700882579910768e+01
4.853812448775041588e+01
4.854908798113336843e+01
4.855999999896129538e+01
4.857074097333244111e+01
4.858144659710941937e+01
4.859199299166714781e+01
4.860257095619989087e+01
4.861281668726553562e+01
4.862310459927151385e+01
4.863319042065144515e+01
4.864328676662513118e+01
4.865316386059501497e+01
4.866307814528573061e+01
4.867275770258676459e+01
4.868248052904181122e+01
4.869201946218600341e+01
4.870157073065425379e+01
4.871088586285733868e+01
4.872021716205535569e+01
4.872943387323806519e+01
4.873855841730286187e+01
4.874752372141124113e+01
4.875643078594616497e+01
4.876521234919083980e+01
4.877392544947265662e+01
4.878257319050170793e+01
4.879108703524330792e+01
4.879959426720289173e+01
4.880793868643245759e+01
4.881627495136900308e+01
4.882451128988120814e+01
4.883264804695591721e+01
4.884069856621665195e+01
4.884868143773800142e+01
4.885657652499297399e+01
4.886441865215542180e+01
4.887214181242762123e+01
4.887984254785793325e+01
4.888745022758998715e+01
4.889495762044716543e+01
4.890242589133876550e+01
4.890975496821856439e+01
4.891705479997570194e+01
4.892424166199320013e+01
4.893141061681132697e+01
4.893848081503899294e+01
4.894549723530283813e+01
4.895239183077288203e+01
4.895930387216557023e+01
4.896609068679651244e+01
4.897285501784515560e+01
4.897947793873926514e+01
4.898610367618940131e+01
4.899263292219036714e+01
4.899906954675416415e+01
4.900545662127917979e+01
4.901181872726839828e+01
4.901808185582865462e+01
4.902429172885686626e+01
4.903043083995939355e+01
4.903654899232248709e+01
4.904255319891763776e+01
4.904852378195761986e+01
4.905444833074368916e+01
4.906029774528864351e+01
4.906604380645065078e+01
4.907177162678930671e+01
4.907744102694341137e+01
4.908305373309353570e+01
4.908858960582086439e+01
4.909406679561479336e+01
4.909951499275538822e+01
4.910490653588743726e+01
4.911025061454373031e+01
4.911550133713182476e+01
4.912073696109422372e+01
4.912591292624060912e+01
4.913105055804945209e+01
4.913610409463975515e+01
4.914113392024503213e+01
4.914613399103483005e+01
4.915103842463140893e+01
4.915592819006251091e+01
4.916076127901138904e+01
4.916555758863589176e+01
4.917028639856813044e+01
4.917496508997894011e+01
4.917960493381382037e+01
4.918419005691306722e+01
4.918877189733479582e+01
4.919326351073959103e+01
4.919771110524424529e+01
4.920213243319165031e+01
4.920649943499363133e+01
4.921082015501365703e+01
4.921509766783458417e+01
4.921934051150818590e+01
4.922354683985150103e+01
4.922768685274530753e+01
4.923178587946280516e+01
4.923583571951961346e+01
4.923986291292754203e+01
4.924385465437637066e+01
4.924780329722982231e+01
4.925172072075071128e+01
4.925557909357330288e+01
4.925939811098509580e+01
4.926319039759767549e+01
4.926696215665923972e+01
4.927066774544190508e+01
4.927436555840113641e+01
4.927801281691760948e+01
4.928163522710718780e+01
4.928521350143600444e+01
4.928874566816466540e+01
4.929225484965135706e+01
4.929570346638288925e+01
4.929914246969476466e+01
4.930253408696690798e+01
4.930588637077821090e+01
4.930922055069777343e+01
4.931251408828642724e+01
4.931578093245359184e+01
4.931900274909722270e+01
4.932219588943581812e+01
4.932535518576563049e+01
4.932850434850137589e+01
4.933160327421993685e+01
4.933466440610570203e+01
4.933770166320368844e+01
4.934071946090696770e+01
4.934369687681504502e+01
4.934663203988460367e+01
4.934954785209168904e+01
4.935244265974478850e+01
4.935530044729399890e+01
4.935813165478821674e+01
4.936094980790890929e+01
4.936372271630109765e+01
4.936647066488778535e+01
4.936918318340636347e+01
4.937188079048037537e+01
4.937454470392293615e+01
4.937718942665434696e+01
4.937980111828792928e+01
4.938238721444420776e+01
4.938494461038276029e+01
4.938750939613764501e+01
4.939002348922835495e+01
4.939250918556879100e+01
4.939495886748470355e+01
4.939740884445716773e+01
4.939981172178192992e+01
4.940219875002887306e+01
4.940456595694448794e+01
4.940691750870847443e+01
4.940922780398233982e+01
4.941154688804559214e+01
4.941381303875180464e+01
4.941606785298515803e+01
4.941827926515571079e+01
4.942048809862160397e+01
4.942266517372191004e+01
4.942482548231082973e+01
4.942696741880989464e+01
4.942908900217445023e+01
4.943118514744042358e+01
4.943326263027800138e+01
4.943531664842614504e+01
4.943734766827540028e+01
4.943936851766060414e+01
4.944136092711610786e+01
4.944333341247193658e+01
4.944529325675810583e+01
4.944722356760292570e+01
4.944914132528531781e+01
4.945102520400446622e+01
4.945291481626836827e+01
4.945476925229105802e+01
4.945661014587972204e+01
4.945842694500546344e+01
4.946023755976005987e+01
4.946202054138973381e+01
4.946379370125542607e+01
4.946553626859559216e+01
4.946726385207269772e+01
4.946897260567752852e+01
4.947066512647217706e+01
4.947235815325970520e+01
4.947401565254658351e+01
4.947566155285835521e+01
4.947729444254074593e+01
4.947890872740461532e+01
4.948051523833470355e+01
4.948210632148329324e+01
4.948366982117995150e+01
4.948522315151014794e+01
4.948675615595750088e+01
4.948828546240073223e+01
4.948979038442446665e+01
4.949127470695647446e+01
4.949275146311876483e+01
4.949421462789820225e+01
4.949565559233148093e+01
4.949708502903961715e+01
4.949850216856837193e+01
4.949990951478702783e+01
4.950129495782138633e+01
4.950267388260176205e+01
4.950403257752183350e+01
4.950537944912223765e+01
4.950671822429796265e+01
4.950803789426365142e+01
4.950934318281719726e+01
4.951063437594058314e+01
4.951191691462894084e+01
4.951318139120937190e+01
4.951443777513409827e+01
4.951567959229635818e+01
4.951691357674207694e+01
4.951813031366675943e+01
4.951933415442905329e+01
4.952052391252567531e+01
4.952170427304500322e+01
4.952286528708330593e+01
4.952403137606705030e+01
4.952517667870177576e+01
4.952631521694455330e+01
4.952743806769799306e+01
4.952854823289165864e+01
4.952964884987480332e+01
4.953074483203275946e+01
4.953181919664378796e+01
4.953288873917784940e+01
4.953395110369213228e+01
4.953499714635773898e+01
4.953603189286054231e+01
4.953705722270153444e+01
4.953807864730980981e+01
4.953908590446517479e+01
4.954007837256116886e+01
4.954107333438040683e+01
4.954204497047275169e+01
4.954301380349301098e+01
4.954396986348888277e+01
4.954491836697295071e+01
4.954585653511662713e+01
4.954678073843769681e+01
4.954770245939320716e+01
4.954861835499853129e+01
4.954951819424262993e+01
4.955040939448839055e+01
4.955129310591340897e+01
4.955216930112754881e+01
4.955303429337216414e+01
4.955389287968507261e+01
4.955474023136103057e+01
4.955557682558788457e+01
4.955640723122316160e+01
4.955722949861488758e+01
4.955804099892365144e+01
4.955884665942549816e+01
4.955964538954074783e+01
4.956043613234741940e+01
4.956121463134975613e+01
4.956199190196686999e+01
4.956275915892636164e+01
4.956351943182860254e+01
4.956426755781150462e+01
4.956501510061730897e+01
4.956575368341107435e+01
4.956648282273274475e+01
4.956720692597826883e+01
4.956792299592748208e+01
4.956863454343658759e+01
4.956933424584691750e+01
4.957002862848815994e+01
4.957071952663606851e+01
4.957139652932762175e+01
4.957207015248951620e+01
4.957273542825656421e+01
4.957339724136658532e+01
4.957405072564850457e+01
4.957469695857799508e+01
4.957533498804139782e+01
4.957597078691795645e+01
4.957660067022698058e+01
4.957722156414078540e+01
4.957783798358860849e+01
4.957844756425607358e+01
4.957904934915809747e+01
4.957964541674122927e+01
4.958023778482460386e+01
4.958082199066085849e+01
4.958140146253168012e+01
4.958197554383798433e+01
4.958254234102074776e+01
4.958310782752717216e+01
4.958366256113011872e+01
4.958421501966014233e+01
4.958475728646783409e+01
4.958530141464625274e+01
4.958583541964397057e+01
4.958636648204389985e+01
4.958689012406196639e+01
4.958740617992035027e+01
4.958791991840290336e+01
4.958842718889002299e+01
4.958892974133396336e+01
4.958942686698350855e+01
4.958992160355916923e+01
4.959040991794333308e+01
4.959089208378263436e+01
4.959137043979776394e+01
4.959184582488013859e+01
4.959231555886124454e+01
4.959278101626590285e+01
4.959324168024341617e+01
4.959369645458725273e+01
4.959414867716151321e+01
4.959459278476714417e+01
4.959503440754333781e+01
