5.088000000000000300e-01
4.022760000000316083e-01
4.664725500000235225e-01
3.661436333999958936e-01
4.100428710570110380e-01
4.367656914591917516e-01
4.903359119601079508e-01
5.377780381685676181e-01
5.731191599651582758e-01
6.356037396930421801e-01
6.912232373060837043e-01
7.541655165804651562e-01
8.147056033186788060e-01
8.698139235630180099e-01
9.307130050381183795e-01
9.851546988869118726e-01
1.040754891339411792e+00
1.103891336523869615e+00
1.171320048449034479e+00
1.232126059163334952e+00
1.289706707570183353e+00
1.347764195721646630e+00
1.414540023830248794e+00
1.480568732229399664e+00
1.549001298293706697e+00
1.615738370930150936e+00
1.679882964975718318e+00
1.747426529466876932e+00
1.819426749466106497e+00
1.879798254688102244e+00
1.939344134745867310e+00
2.001516690829513667e+00
2.063720003654713420e+00
2.127669794109219747e+00
2.195669737959176082e+00
2.250257279091132379e+00
2.308268500154656788e+00
2.364734380287336180e+00
2.412922734695065241e+00
2.477184567260692027e+00
2.533779578035693536e+00
2.594378384785732905e+00
2.662435811881329162e+00
2.725853138672918341e+00
2.781567564573657947e+00
2.841114526069228763e+00
2.906553201351250504e+00
2.967721042590069302e+00
3.039882260066216091e+00
3.097693950926043271e+00
3.167511651073717793e+00
3.232558273375945479e+00
3.293218740842831060e+00
3.357088342717626794e+00
3.415495567336500393e+00
3.473779003509163132e+00
3.541789387084942398e+00
3.609796353053485785e+00
3.675448450946717571e+00
3.740112417774702713e+00
3.807795694438435241e+00
3.875072980873515149e+00
3.932882695550843355e+00
3.994733191305133158e+00
4.059013641729507960e+00
4.120934163924897753e+00
4.185892954432037349e+00
4.245663283892488593e+00
4.302260992025539466e+00
4.372588062132362730e+00
4.427267734018178302e+00
4.495362481965741175e+00
4.553270451576484135e+00
4.613144091210942932e+00
4.674177752604474101e+00
4.723401115314316279e+00
4.776558111761189274e+00
4.832688825195968541e+00
4.895563987460294086e+00
4.957674785006916274e+00
5.015942307438989722e+00
5.072342315500018906e+00
5.124274627714306085e+00
5.178553543563277906e+00
5.227732846710412495e+00
5.281995587442458451e+00
5.335252233122823817e+00
5.387892888170406458e+00
5.439924546733261757e+00
5.487225040913957130e+00
5.538909313824959213e+00
5.592280509598113625e+00
5.645157661194169840e+00
5.697388227965761054e+00
5.747930137315417021e+00
5.798505482082020102e+00
5.850404099567835914e+00
5.902160967525746926e+00
5.952952109667539737e+00
6.003642042989306482e+00
6.052946599358826951e+00
6.102229193787851003e+00
6.151485335059581061e+00
6.195525276082995525e+00
6.246930542081773119e+00
6.301128640008238690e+00
6.351407557558644612e+00
6.398659057078347701e+00
6.445674469683454255e+00
6.488809084222272539e+00
6.529029604453288727e+00
6.570552077820652315e+00
6.611529548242399024e+00
6.657750382872259287e+00
6.702141656181437313e+00
6.747946390879260292e+00
6.793480074879019170e+00
6.834701616155747672e+00
6.875083299383478952e+00
6.917208237272172155e+00
6.960708208129850583e+00
7.001431725238513870e+00
7.042921698062191815e+00
7.088150756626248494e+00
7.130885680978169994e+00
7.177463872685655666e+00
7.220870419798890438e+00
7.262810445713241414e+00
7.304358696535182993e+00
7.345874349660330260e+00
7.385160792715530498e+00
7.421695560231325928e+00
7.454945951324708275e+00
7.491174017106517979e+00
7.529328554290588116e+00
7.566792564574809532e+00
7.600924981532040547e+00
7.637037792420138693e+00
7.674463383477611700e+00
7.711069508989877086e+00
7.749537847468281448e+00
7.786263969344011215e+00
7.823198811952003950e+00
7.863209398178352849e+00
7.894963643125805675e+00
7.926027762483060179e+00
7.964642512051381296e+00
8.001729961823386361e+00
8.036480788144494625e+00
8.073255206146606966e+00
8.108665346926086315e+00
8.141638632238819895e+00
8.177429335700177049e+00
8.210605950425980737e+00
8.246046052583942298e+00
8.282648062532942390e+00
8.317174414196212950e+00
8.348486437576921659e+00
8.381590078379796083e+00
8.411044962329745189e+00
8.441266765682584605e+00
8.471186351001849246e+00
8.503888517238047839e+00
8.531910701196952829e+00
8.564443057607352472e+00
8.595412090965124818e+00
8.623563627948598764e+00
8.655391080628664469e+00
8.683610737543610014e+00
8.712554458740076058e+00
8.740900826904308474e+00
8.770685161949414166e+00
8.799071013978135625e+00
8.827313605327743673e+00
8.859954097149865149e+00
8.888203085701332995e+00
8.916254848082687090e+00
8.942574222293593778e+00
8.967828159874319027e+00
8.994004342508496563e+00
9.022097409313456495e+00
9.049828460505326078e+00
9.079224834297706437e+00
9.106880865698474992e+00
9.132104596820353137e+00
9.157309760254950248e+00
9.178623233992855290e+00
9.203647442112858457e+00
9.228784175195569262e+00
9.252786656654368613e+00
9.276238008816362068e+00
9.302109457560275629e+00
9.328230380988504322e+00
9.351747052706842922e+00
9.376935478044273964e+00
9.401153508622497768e+00
9.424069344572265194e+00
9.446935527219558537e+00
9.470940048089945051e+00
9.494718057052097038e+00
9.518486051371885637e+00
9.541167470528579386e+00
9.562965508097054368e+00
9.584961566392401267e+00
9.605180389977645561e+00
9.626980812054435788e+00
9.648260495820192517e+00
9.668827871499205528e+00
9.687965645983494412e+00
9.708943762269962363e+00
9.729615162340518708e+00
9.751435363958890434e+00
9.772336693975296029e+00
9.792441160784857601e+00
9.810901293835339487e+00
9.831274017719948688e+00
9.850028446727618459e+00
9.869826347524496057e+00
9.886944134323524480e+00
9.908130162732421198e+00
9.927098963685418553e+00
9.944077191158855911e+00
9.962507409664278057e+00
9.980572568072437534e+00
9.999372879542614001e+00
1.001763086623840238e+01
1.003395238085209762e+01
1.005016174953417796e+01
1.006945488166452662e+01
1.008681324026144210e+01
1.010361150649194073e+01
1.011925084100969485e+01
1.013571482174219618e+01
1.015231226270788412e+01
1.016766797276283008e+01
1.018484932727976044e+01
1.020118707069262065e+01
1.021792490687390575e+01
1.023400154310273358e+01
1.025176430571827879e+01
1.026744931399117355e+01
1.028122944523081372e+01
1.029654961483356068e+01
1.031195139244984560e+01
1.032818926656529612e+01
1.034356582735812680e+01
1.035781821154178317e+01
1.037207008942402098e+01
1.038646064325753926e+01
1.040174713312366883e+01
1.041739953259468976e+01
1.043041574700292351e+01
1.044349246835118272e+01
1.045772829883963695e+01
1.047061487147150416e+01
1.048368863033067910e+01
1.049714296199339003e+01
1.051173957633521994e+01
1.052421560179841542e+01
1.053682603624106484e+01
1.055016806840705890e+01
1.056307912361095269e+01
1.057639993608114537e+01
1.058884778268557625e+01
1.060114298312539027e+01
1.061312002940947252e+01
1.062540521623239975e+01
1.063740356464841597e+01
1.064932928069333506e+01
1.066197953641237639e+01
1.067415190846382700e+01
1.068553963986594546e+01
1.069772319975938224e+01
1.070907730289522775e+01
1.071997396111664536e+01
1.073139214320819335e+01
1.074240277627136564e+01
1.075297579284699090e+01
1.076403649058458356e+01
1.077424163601096474e+01
1.078424879555958960e+01
1.079515312184485154e+01
1.080555467380427359e+01
1.081633508907156305e+01
1.082599400371765697e+01
1.083580151705064409e+01
1.084518918898434947e+01
1.085446621848271498e+01
1.086459103435153217e+01
1.087436812088847304e+01
1.088336961333376784e+01
1.089199119941715388e+01
1.090172768649546242e+01
1.091113003987145902e+01
1.092140201885796635e+01
1.093042646287121578e+01
1.093944745181159384e+01
1.094807497860276868e+01
1.095648613490661560e+01
1.096523423782884876e+01
1.097467460993751587e+01
1.098261261425632895e+01
1.099154308759224996e+01
1.100055080135143903e+01
1.100936479930126488e+01
1.101782482407850772e+01
1.102582164617611760e+01
1.103430529559582496e+01
1.104299824798265206e+01
1.105126379310608264e+01
1.105924266493282992e+01
1.106686512645384823e+01
1.107578064021754116e+01
1.108442625429837136e+01
1.109268292333158001e+01
1.110118179651060366e+01
1.110921987470460870e+01
1.111692127225196103e+01
1.112447608281218336e+01
1.113144079145764564e+01
1.113840805261414069e+01
1.114597673641758036e+01
1.115338324548518223e+01
1.116046271236098342e+01
1.116725946759641630e+01
1.117470538231142996e+01
1.118175207088197887e+01
1.118874698555104175e+01
1.119583110314036212e+01
1.120286636474631869e+01
1.120952293141115952e+01
1.121620271443931571e+01
1.122282992111072453e+01
1.122979211459142945e+01
1.123630486293286346e+01
1.124245580353739449e+01
1.124857255691735425e+01
1.125460109380380835e+01
1.126056599801265001e+01
1.126683908893895492e+01
1.127292478245804830e+01
1.127895936271296051e+01
1.128492716634244886e+01
1.129061564718030830e+01
1.129615270046720887e+01
1.130144406868058482e+01
1.130702537017700138e+01
1.131269763422413455e+01
1.131772286265277039e+01
1.132329723351326223e+01
1.132901168291893867e+01
1.133420488908909896e+01
1.133978817318876686e+01
1.134555745044002073e+01
1.135061066365394211e+01
1.135596040044531918e+01
1.136105272347753115e+01
1.136598350562053561e+01
1.137085950436799742e+01
1.137609872532423516e+01
1.138106552305316654e+01
1.138604375166186955e+01
1.139091959983795910e+01
1.139569982458383990e+01
1.140005592154588321e+01
1.140463384436864303e+01
1.140923167120370252e+01
1.141422870056427286e+01
1.141909157544286657e+01
1.142376610058015274e+01
1.142827254381461621e+01
1.143261620179756122e+01
1.143666668689121657e+01
1.144090035951391116e+01
1.144512199984125544e+01
1.144957374404307338e+01
1.145367938763426707e+01
1.145806289899032215e+01
1.146214058239466915e+01
1.146570751411991296e+01
1.146992791039738435e+01
1.147395835592200264e+01
1.147805604796358736e+01
1.148178694816955492e+01
1.148568925257499629e+01
1.148978003132615733e+01
1.149342491519342069e+01
1.149735450912192292e+01
1.150107874545835429e+01
1.150480583724509565e+01
1.150833488592986598e+01
1.151194850872282771e+01
1.151569134947930628e+01
1.151933898512835519e+01
1.152299781019829084e+01
1.152643506566881371e+01
1.152999491847192459e+01
1.153325647242843388e+01
1.153670152810748029e+01
1.154017378159449514e+01
1.154374055653023667e+01
1.154713838085858590e+01
1.155050222694361928e+01
1.155393693899113217e+01
1.155689415291094413e+01
1.156001469470400878e+01
1.156344372287962052e+01
1.156656239781018591e+01
1.156973601763602311e+01
1.157277295316749566e+01
1.157598406974223870e+01
1.157883681726546854e+01
1.158192516155458129e+01
1.158477784655842768e+01
1.158767062037135709e+01
1.159051748407052962e+01
1.159355138547974562e+01
1.159642633185290528e+01
1.159902685702905245e+01
1.160164883354190302e+01
1.160451473691952096e+01
1.160715285089701965e+01
1.161005669490058700e+01
1.161277622107542307e+01
1.161554329978234357e+01
1.161821568854814757e+01
1.162081297397446988e+01
1.162346091959822481e+01
1.162601600238476252e+01
1.162866624371578084e+01
1.163113595747433138e+01
1.163359937744619899e+01
1.163601734114136121e+01
1.163847296676836685e+01
1.164093719868034960e+01
1.164320884551134760e+01
1.164545652577384693e+01
1.164775103479194485e+01
1.164993928353805863e+01
1.165234339211847470e+01
1.165469463942138617e+01
1.165693558944912311e+01
1.165918943831392340e+01
1.166144871289319518e+01
1.166361272275377914e+01
1.166566144948775197e+01
1.166774282566286303e+01
1.166978547987491766e+01
1.167179884298518111e+01
1.167411239332725614e+01
1.167621275477721632e+01
1.167821685147072941e+01
1.168013597833502892e+01
1.168208227952479206e+01
1.168420524416585948e+01
1.168622435567173845e+01
1.168827235441487922e+01
1.169024116319165962e+01
1.169205499786880864e+01
1.169380406562039632e+01
1.169570359486676558e+01
1.169777276562889945e+01
1.169958925057991550e+01
1.170137899363809098e+01
1.170320744775214727e+01
1.170497651956388729e+01
1.170657162642051574e+01
1.170835492814526013e+01
1.171017386844089536e+01
1.171182029489231624e+01
1.171331524113789690e+01
1.171504322312172519e+01
1.171670691362318095e+01
1.171835051969767605e+01
1.171991625487088839e+01
1.172146041958900753e+01
1.172292976665439923e+01
1.172457732536444297e+01
1.172615103370417344e+01
1.172771711939413386e+01
1.172935992705403407e+01
1.173084474401348487e+01
1.173230526469112611e+01
1.173372623714575802e+01
1.173532514684231209e+01
1.173669110342146915e+01
1.173818331930928238e+01
1.173954305849409074e+01
1.174105005533613344e+01
1.174242016230765628e+01
1.174381434705623839e+01
1.174530103912318069e+01
1.174664967813001937e+01
1.174792279620061919e+01
1.174917690209278831e+01
1.175050206700661093e+01
1.175175720821658132e+01
1.175314877335809172e+01
1.175441446787742983e+01
1.175570533550544461e+01
1.175688605130816278e+01
1.175812456107973780e+01
1.175936678507968125e+01
1.176058192357337795e+01
1.176183792795243832e+01
1.176304888027491558e+01
1.176434051276456927e+01
1.176545938940866520e+01
1.176662709978219468e+01
1.176775792360379214e+01
1.176892854234009356e+01
1.177006157054782598e+01
1.177118734525718047e+01
1.177229263704026252e+01
1.177332408702955391e+01
1.177435595941676283e+01
1.177543233907077003e+01
1.177648743169479495e+01
1.177755226107903219e+01
1.177856138705589295e+01
1.177966306600699120e+01
1.178068616031757365e+01
1.178164371913299036e+01
1.178262194604957536e+01
1.178361775080692375e+01
1.178458979872921297e+01
1.178548179835177656e+01
1.178643199804046837e+01
1.178729236203379216e+01
1.178825801771971626e+01
1.178918048154630505e+01
1.179007351206979948e+01
1.179102144279948483e+01
1.179190990635712488e+01
1.179280395818083349e+01
1.179362944580049799e+01
1.179450433326151959e+01
1.179536141182087583e+01
1.179620319252454053e+01
1.179704898704671656e+01
1.179782346843704666e+01
1.179870856616490826e+01
1.179947151257358051e+01
1.180030061259633278e+01
1.180111044372043771e+01
1.180186828605083349e+01
1.180260572139686381e+01
1.180329727187695177e+01
1.180407275888687479e+01
1.180485052936528767e+01
1.180558077031791875e+01
1.180634896630929020e+01
1.180707207801131453e+01
1.180781418697985430e+01
1.180858515102733186e+01
1.180934651525499213e+01
1.181009802030741085e+01
1.181082311414892061e+01
1.181154572555359117e+01
1.181225421118918817e+01
1.181297178984385177e+01
1.181364838095224457e+01
1.181436683101919982e+01
1.181505786441150185e+01
1.181576132663752787e+01
1.181642117213362120e+01
1.181705072627682895e+01
1.181766996385534796e+01
1.181834205778433322e+01
1.181896309446917215e+01
1.181961791213415225e+01
1.182024558120171775e+01
1.182082618474565372e+01
1.182146250009954613e+01
1.182204216855955714e+01
1.182264077618734355e+01
1.182323217331418874e+01
1.182377159361276497e+01
1.182438752371074209e+01
1.182494977218544641e+01
1.182555226909695101e+01
1.182612312389390929e+01
1.182668596459981281e+01
1.182721835484540129e+01
1.182774316152572425e+01
1.182831025779499612e+01
1.182886476217818483e+01
1.182941180303755146e+01
1.182995988535751941e+01
1.183041518710848194e+01
1.183091247332189333e+01
1.183137819648669975e+01
1.183187757598245149e+01
1.183240318332719632e+01
1.183290386496278579e+01
1.183339574635236424e+01
1.183389072065160086e+01
1.183436215550538506e+01
1.183481906064777966e+01
1.183531585297108357e+01
1.183577857675874334e+01
1.183624810191265020e+01
1.183672778185751540e+01
1.183717909586404637e+01
1.183763444462713998e+01
1.183808020819482998e+01
1.183852875978604757e+01
1.183897820576330240e+01
1.183940873241862768e+01
1.183982001408867823e+01
1.184024349579665447e+01
1.184065779010486175e+01
1.184107241817410028e+01
1.184149260801523695e+01
1.184190128326185665e+01
1.184231538661831706e+01
1.184271859132049265e+01
1.184312952223572069e+01
1.184351286178557139e+01
1.184390826348568737e+01
1.184426548408493041e+01
1.184466840177523927e+01
1.184502024882065108e+01
1.184537563939964322e+01
1.184574845022462952e+01
1.184612501561179165e+01
1.184651226064020513e+01
1.184687931559062335e+01
1.184722345985853309e+01
1.184757386624521658e+01
1.184790618088061720e+01
1.184825014253915931e+01
1.184857148515217951e+01
1.184888667988647271e+01
1.184920231133629898e+01
1.184954929915579847e+01
1.184986082688415543e+01
1.185018449414463682e+01
1.185050426811248414e+01
1.185079321705174848e+01
1.185111595904067094e+01
1.185143005810859407e+01
1.185172855894037269e+01
1.185200830767550606e+01
1.185231879598840976e+01
1.185260858405014872e+01
1.185288184164617853e+01
1.185315401620897013e+01
1.185345924760956215e+01
1.185374055635070256e+01
1.185401497787781366e+01
1.185426576801564380e+01
1.185455882947217887e+01
1.185482778288046646e+01
1.185509474561000332e+01
1.185535557937845219e+01
1.185561859944584029e+01
1.185587559881948039e+01
1.185611069425178421e+01
1.185637308008823787e+01
1.185662692044063782e+01
1.185687548659842072e+01
1.185712427552783588e+01
1.185737134266755710e+01
1.185761164131684886e+01
1.185786054950903257e+01
1.185810201298105504e+01
1.185831861649395336e+01
1.185855345345997591e+01
1.185878930797191266e+01
1.185901804357249567e+01
1.185924967585595091e+01
1.185946406178450196e+01
1.185968542633662182e+01
1.185989143047522631e+01
1.186011789670080852e+01
1.186034601983075198e+01
1.186055267182343087e+01
1.186077076454963830e+01
1.186097580465680146e+01
1.186117922488189791e+01
1.186139307765848727e+01
1.186159234433316101e+01
1.186179859958233429e+01
1.186198769752778759e+01
1.186218616352400268e+01
1.186236673585050383e+01
1.186254760913091566e+01
1.186273114284355934e+01
1.186290674527791289e+01
1.186309061754477945e+01
1.186327833662585363e+01
1.186344891429508408e+01
1.186361769174022385e+01
1.186381320629056368e+01
1.186397242301771193e+01
1.186415387454592363e+01
1.186433024543127424e+01
1.186451572064713744e+01
1.186469160504283415e+01
