4.990999999999999881e-01
1.114780999999910094e+00
1.685885269999953362e+00
2.260302278000009046e+00
2.838292897216984301e+00
3.427526332135049536e+00
3.989025093237784425e+00
4.543883594846817253e+00
5.089041160314856427e+00
5.642723964014638049e+00
6.191322130715014360e+00
6.717243821266577264e+00
7.251113429501153895e+00
7.778328060119005016e+00
8.303050531031470172e+00
8.832760471654992784e+00
9.351213108474683011e+00
9.849645418722603907e+00
1.034551349577628443e+01
1.082328681094038103e+01
1.130953248534195055e+01
1.179553115184834411e+01
1.227811276675077146e+01
1.275428133693708155e+01
1.322922377305498287e+01
1.370268363452123239e+01
1.418234351004326577e+01
1.463845315603716379e+01
1.510419042817052393e+01
1.555256840197894697e+01
1.599365173463032441e+01
1.644357892494598516e+01
1.686827240575014741e+01
1.729611157623191886e+01
1.772038290823631357e+01
1.813717566752342947e+01
1.855711283800735245e+01
1.897581526785564776e+01
1.938671313405187746e+01
1.979174512605868586e+01
2.019613855411403591e+01
2.059178584539786172e+01
2.099547522750534512e+01
2.138857177924528230e+01
2.177825145474930224e+01
2.216467051898465357e+01
2.254149399753347538e+01
2.291766686827129718e+01
2.328470758607574709e+01
2.364966680152463496e+01
2.400776989266330474e+01
2.437780491345819200e+01
2.473915866589525692e+01
2.509684017712971382e+01
2.543920531168663501e+01
2.578505105189775293e+01
2.613045722108003233e+01
2.647951453397007526e+01
2.681626066874214587e+01
2.713659601210538952e+01
2.746100518537895852e+01
2.777729510123612755e+01
2.809487314420366388e+01
2.840959395006744970e+01
2.873851223196082216e+01
2.905430689515759468e+01
2.935102587479339675e+01
2.966033222989377549e+01
2.996073933372219855e+01
3.026404044346502076e+01
3.055396641412486147e+01
3.084461831309814528e+01
3.113309118013734178e+01
3.141843924777772656e+01
3.169755892044340584e+01
3.197840502814173291e+01
3.225644267476292271e+01
3.253668114216608842e+01
3.281352363222341495e+01
3.308967709817128622e+01
3.335908607285708172e+01
3.363067448559373673e+01
3.389744165019469335e+01
3.415997791037312936e+01
3.441374139505623475e+01
3.466862731995368563e+01
3.492488279386797245e+01
3.517432108006802594e+01
3.542919361709201809e+01
3.567530336209421193e+01
3.591992336638117678e+01
3.615656772241424477e+01
3.638913992031978495e+01
3.661781555213233474e+01
3.685096926780151705e+01
3.708386988513989735e+01
3.730762075289091229e+01
3.753603754260316094e+01
3.776358932868373586e+01
3.799204527178776658e+01
3.820990772131352031e+01
3.842827309927634616e+01
3.864431132414023295e+01
3.885723023255592778e+01
3.906471482534589512e+01
3.927336183817262594e+01
3.947885408310276034e+01
3.968730654668763691e+01
3.989478907515999140e+01
4.009327517740973690e+01
4.028603574473905269e+01
4.048335761699256352e+01
4.067633781815496263e+01
4.086488284892480749e+01
4.105357755939493813e+01
4.124627225429905764e+01
4.143208459105899522e+01
4.161390984760407008e+01
4.179507759588231863e+01
4.197491751377446434e+01
4.215092324582700201e+01
4.232395373555070250e+01
4.250537700426968257e+01
4.267839195148085452e+01
4.285071205021339580e+01
4.302335884392623200e+01
4.319495563537135752e+01
4.336464112943988880e+01
4.353014350355837081e+01
4.368999791233080288e+01
4.385196311037095285e+01
4.400764464355624739e+01
4.416811161477856018e+01
4.432174593580251099e+01
4.447834339209818211e+01
4.462822518169539876e+01
4.478583588673415505e+01
4.494265280277785024e+01
4.509235516700765345e+01
4.524370170890615128e+01
4.539549370777786663e+01
4.554390117848633679e+01
4.568703269331043515e+01
4.582949318916142545e+01
4.596824747875041339e+01
4.610915376528012644e+01
4.624835129238103804e+01
4.638800551093778068e+01
4.652847747923325983e+01
4.666506178356448942e+01
4.680134321343166448e+01
4.693496832911057481e+01
4.706441390548626202e+01
4.719131875430094425e+01
4.731678437406554849e+01
4.744244846691117345e+01
4.756664742636655063e+01
4.769003785205529766e+01
4.781562734364443656e+01
4.793660275986745489e+01
4.805238290909377241e+01
4.816821472979316354e+01
4.828249564925738468e+01
4.839850982279022418e+01
4.851330613899427391e+01
4.862920193726107954e+01
4.874199664204041227e+01
4.885659413881635516e+01
4.896925100099921480e+01
4.908281211191361848e+01
4.918868081601561926e+01
4.929838615123883017e+01
4.940592929794930654e+01
4.951188734601832664e+01
4.961377578957393553e+01
4.971877934701892343e+01
4.982252823597206515e+01
4.992733303077759643e+01
5.002901731684025322e+01
5.012764957011611244e+01
5.022272371573485827e+01
5.032159869767448157e+01
5.041567993766546607e+01
5.051174491110579368e+01
5.060543305527286151e+01
5.070024061068841803e+01
5.079118529566136431e+01
5.088079303053427083e+01
5.097295097497530492e+01
5.106340920466256961e+01
5.115454800346284969e+01
5.124345544240015471e+01
5.132867150665805411e+01
5.141409912280832373e+01
5.149845900156554990e+01
5.158083411779053762e+01
5.166601184764156329e+01
5.174866702235612337e+01
5.183193099537528781e+01
5.191199400107785067e+01
5.199262296940801065e+01
5.207007139423593856e+01
5.214624634359407196e+01
5.222385654928157805e+01
5.230128267448096580e+01
5.237747585041276466e+01
5.245288186674460462e+01
5.253029362256378221e+01
5.260386526077856217e+01
5.267760688891506504e+01
5.274893897110425200e+01
5.281914987823599716e+01
5.288891994292150400e+01
5.295882705382762623e+01
5.303080527752524631e+01
5.310065790885366965e+01
5.316887657397860067e+01
5.323570154774647989e+01
5.330252911907111013e+01
5.336907582899507929e+01
5.343406945028466737e+01
5.349956309837230606e+01
5.356238264851116071e+01
5.362500994870178062e+01
5.368765309179187994e+01
5.374935716669246233e+01
5.381098068552122982e+01
5.387130364168784524e+01
5.393154917692530148e+01
5.399196307204220346e+01
5.405233772565622274e+01
5.410943993826185761e+01
5.416732127229426652e+01
5.422545078019528830e+01
5.428313227258409768e+01
5.433953951711703212e+01
5.439370319530761577e+01
5.444870158196489740e+01
5.450315912960017783e+01
5.455614865538446168e+01
5.460950457209818865e+01
5.466151059218545072e+01
5.471376080365173067e+01
5.476653211171217350e+01
5.481750147266870954e+01
5.486927377325378075e+01
5.492214851528760988e+01
5.497252297228034479e+01
5.502352673405690808e+01
5.507297242891598898e+01
5.512174533809047716e+01
5.517033546031131408e+01
5.521882896402329521e+01
5.526775774936553631e+01
5.531506042534038414e+01
5.536061044957301647e+01
5.540639180841868239e+01
5.545048385878055086e+01
5.549631156142641686e+01
5.554194015627991377e+01
5.558595420085355698e+01
5.562995629624491301e+01
5.567392072532017266e+01
5.571699738762673348e+01
5.576067844623388936e+01
5.580307914210091269e+01
5.584422761616728792e+01
5.588560688610301241e+01
5.592589591886781619e+01
5.596558115729602179e+01
5.600516788579243155e+01
5.604498884626308097e+01
5.608531480503520328e+01
5.612410531036638162e+01
5.616089665726607194e+01
5.619859368141033684e+01
5.623691243218966918e+01
5.627366772300902653e+01
5.631118722479272520e+01
5.634805899058243739e+01
5.638312901826354562e+01
5.641882184023042157e+01
5.645411072131309282e+01
5.648980302982095481e+01
5.652472372123389732e+01
5.655935792820141472e+01
5.659308693590062944e+01
5.662589185346421772e+01
5.665851257169508415e+01
5.669102069976066360e+01
5.672327966274678346e+01
5.675503888022470989e+01
5.678656554034921555e+01
5.681877136296500908e+01
5.685009256461096072e+01
5.688036828506910325e+01
5.691108661583002259e+01
5.694117934841022333e+01
5.697106121958601221e+01
5.700031733275641699e+01
5.702949666472865431e+01
5.705936492318140552e+01
5.708850672072442478e+01
5.711770446590494998e+01
5.714639824544120472e+01
5.717434337689940804e+01
5.720241536209174882e+01
5.722983638195639600e+01
5.725682933405823150e+01
5.728352099684696697e+01
5.731023846426455037e+01
5.733700050514616464e+01
5.736293417414378126e+01
5.738939603625603780e+01
5.741578925847512238e+01
5.744137445187673308e+01
5.746645325584194097e+01
5.749193028916672432e+01
5.751581429481652208e+01
5.753957695694897723e+01
5.756336271322869891e+01
5.758760950404893464e+01
5.761157451428042009e+01
5.763515587205993995e+01
5.765875571662745358e+01
5.768172285417841039e+01
5.770442633310939584e+01
5.772665229126438646e+01
5.774889286733233718e+01
5.777125913652157152e+01
5.779252750183785281e+01
5.781427630077247670e+01
5.783552318224680988e+01
5.785713836433292556e+01
5.787825862527303400e+01
5.789890205128372003e+01
5.791912729612821664e+01
5.793903194932529033e+01
5.795851998092120283e+01
5.797797551014910056e+01
5.799764657124885048e+01
5.801700724557596089e+01
5.803660196288089423e+01
5.805623311079760640e+01
5.807500614803752370e+01
5.809383792783450673e+01
5.811221884936498583e+01
5.813043430862563810e+01
5.814851302198451322e+01
5.816662673030736386e+01
5.818435457828214652e+01
5.820264829322984212e+01
5.822023563814372693e+01
5.823730740166653419e+01
5.825407734331969323e+01
5.827052721963485027e+01
5.828689639844376558e+01
5.830365497375882455e+01
5.832039654160894315e+01
5.833621720002652467e+01
5.835241094626890401e+01
5.836839759502387892e+01
5.838412970062800156e+01
5.839959253002094641e+01
5.841503734244514590e+01
5.843011335584388632e+01
5.844527860556362242e+01
5.846049978708902017e+01
5.847561827691018976e+01
5.849066647293430066e+01
5.850549623847325620e+01
5.851989181293878772e+01
5.853399834675592217e+01
5.854818515295807657e+01
5.856198299343167690e+01
5.857561516191275075e+01
5.858922752947871260e+01
5.860266079776766901e+01
5.861591494827299442e+01
5.862869959417696464e+01
5.864197090790069211e+01
5.865492699774574703e+01
5.866794496742365794e+01
5.868046222279492952e+01
5.869302928738753877e+01
5.870520144130416185e+01
5.871757834287122790e+01
5.872982329303061277e+01
5.874194984397276897e+01
5.875396916364019262e+01
5.876612234985885408e+01
5.877800859470634265e+01
5.878950168368200480e+01
5.880089717477798672e+01
5.881275832681524207e+01
5.882405162691440381e+01
5.883553285296282098e+01
5.884690111675310220e+01
5.885809708983488520e+01
5.886891093829230925e+01
5.887970999114285320e+01
5.889024822245390567e+01
5.890089043216533327e+01
5.891148543895295830e+01
5.892174860936164293e+01
5.893185793567378994e+01
5.894223966070227050e+01
5.895233687272259004e+01
5.896247059197825990e+01
5.897231439543176634e+01
5.898234710545776238e+01
5.899192269404557010e+01
5.900146298892344277e+01
5.901116778865207380e+01
5.902035604919456802e+01
5.902955123368090540e+01
5.903871713128813070e+01
5.904788972334812769e+01
5.905669495778666800e+01
5.906546997759789264e+01
5.907438775275991105e+01
5.908292564890508203e+01
5.909159832869181628e+01
5.910027545489980838e+01
5.910871349358632187e+01
5.911729753022813583e+01
5.912566717538888383e+01
5.913388333328277469e+01
5.914193333429948041e+01
5.914993770690225006e+01
5.915812892420180447e+01
5.916600687291636973e+01
5.917380343938469878e+01
5.918167277901214618e+01
5.918923766486621219e+01
5.919694030281477382e+01
5.920480468353232339e+01
5.921209785593992336e+01
5.921930952006058391e+01
5.922634717797360793e+01
5.923362547720897453e+01
5.924110918035218276e+01
5.924836739755777870e+01
5.925544117577938863e+01
5.926232078921638902e+01
5.926910762476831707e+01
5.927586616185392643e+01
5.928249555412726579e+01
5.928907527352650675e+01
5.929574825917388381e+01
5.930216011749902805e+01
5.930881427760414226e+01
5.931515601795781123e+01
5.932141115811066356e+01
5.932754323976165267e+01
5.933375859170176625e+01
5.933982794793681137e+01
5.934578093735414939e+01
5.935169744560456451e+01
5.935773931889347921e+01
5.936348308674855900e+01
5.936927248652197875e+01
5.937515897591006819e+01
5.938076264427098039e+01
5.938637254528362774e+01
5.939202535552935558e+01
5.939777328841063309e+01
5.940330994592136449e+01
5.940877311089484891e+01
5.941412242670072885e+01
5.941949197515823045e+01
5.942461436449994494e+01
5.942974995333727861e+01
5.943490916988822903e+01
5.943996559857287565e+01
5.944495372366022679e+01
5.945004835218792749e+01
5.945512101159309992e+01
5.946004868583186465e+01
5.946488732260350218e+01
5.946985189538499128e+01
5.947468252110108722e+01
5.947933807838764153e+01
5.948412012227636581e+01
5.948875479970767799e+01
5.949342945759796919e+01
5.949798249340364720e+01
5.950248700383068012e+01
5.950691162958094083e+01
5.951113349643007666e+01
5.951548605548588000e+01
5.951967065850775640e+01
5.952394229810759185e+01
5.952830304472160350e+01
5.953259296621259011e+01
5.953678126115870839e+01
5.954094408917180203e+01
5.954501856481972055e+01
5.954903151365075331e+01
5.955300765141917907e+01
5.955707215222935247e+01
5.956105893079558200e+01
5.956500906144130170e+01
5.956901277064395828e+01
5.957277005409558512e+01
5.957656099720205845e+01
5.958025711986746131e+01
5.958400630586395152e+01
5.958764827689950749e+01
5.959119080460363449e+01
5.959469909547624411e+01
5.959822642524418512e+01
5.960173071206604334e+01
5.960522647840966215e+01
5.960854001863526719e+01
5.961195830783039895e+01
5.961533178460481253e+01
5.961869257307844094e+01
5.962194627934313473e+01
5.962520870382975602e+01
5.962843527964529500e+01
5.963165778731023892e+01
5.963478223114587706e+01
5.963784727262559926e+01
5.964081816758594812e+01
5.964382017047515916e+01
5.964673649822587720e+01
5.964981350227830603e+01
5.965281213113579639e+01
5.965571793490011743e+01
5.965857669792860918e+01
5.966147086743244188e+01
5.966430417998545721e+01
5.966713462492882769e+01
5.966985879850137309e+01
5.967264216157229129e+01
5.967540455467011640e+01
5.967810716074045274e+01
5.968084328438091291e+01
5.968355249077137614e+01
5.968626932929208095e+01
5.968891591944974095e+01
5.969143652895702701e+01
5.969397031662942510e+01
5.969652267801896528e+01
5.969896800489888022e+01
5.970138929233424108e+01
5.970383430019234083e+01
5.970616441152706955e+01
5.970847162328198010e+01
5.971084202437094746e+01
5.971318675373397156e+01
5.971548660738535830e+01
5.971777657669250772e+01
5.972010779784630330e+01
5.972243763286854090e+01
5.972475539720581139e+01
5.972691030051803551e+01
5.972914746141020714e+01
5.973135752987698766e+01
5.973360194046852456e+01
5.973569720183385101e+01
5.973779969891550934e+01
5.973992861198607329e+01
5.974201793278533756e+01
5.974411200204084338e+01
5.974613706786814049e+01
5.974822900520737790e+01
5.975021310875591496e+01
5.975219215003681938e+01
5.975413807045640624e+01
5.975607193494777647e+01
5.975803967747474132e+01
5.975993001044472663e+01
5.976181861776004922e+01
5.976365927437608150e+01
5.976548795265527758e+01
5.976732592125716792e+01
5.976910350812019601e+01
5.977093519662714982e+01
5.977271916381227612e+01
5.977452924801801259e+01
5.977630163426545096e+01
5.977797155929621908e+01
5.977966093968135652e+01
5.978131049633476835e+01
5.978298231459198320e+01
5.978459986727332875e+01
5.978622891987187415e+01
5.978782825121420075e+01
5.978940547288880936e+01
5.979097113465316227e+01
5.979251123561397208e+01
5.979407076963028800e+01
5.979559759316933309e+01
5.979710611372860996e+01
5.979862683901641418e+01
5.980007559649290272e+01
5.980152287175033621e+01
5.980303195434805019e+01
5.980447255491385050e+01
5.980590946378983830e+01
5.980729782490784174e+01
5.980873180865679473e+01
5.981010201338231269e+01
5.981147818546372008e+01
5.981282768949393613e+01
5.981420203028510940e+01
5.981553000528799657e+01
5.981684755666363884e+01
5.981813931725121591e+01
5.981937487896674810e+01
5.982062771658269895e+01
5.982193155025338172e+01
5.982322464386335525e+01
5.982445992120809564e+01
5.982566195858878899e+01
5.982690630686587241e+01
5.982812195485184503e+01
5.982935266748019387e+01
5.983052878089610260e+01
5.983166801167789117e+01
5.983282534746624037e+01
5.983400279348192186e+01
5.983515693870176477e+01
5.983628102286072448e+01
5.983735756774393622e+01
5.983844351503256576e+01
5.983949863667247371e+01
5.984057016143335517e+01
5.984162314340695588e+01
5.984265678957886792e+01
5.984372525812629817e+01
5.984478028014986961e+01
5.984580903019233489e+01
5.984686099033967821e+01
5.984786072636710941e+01
5.984887351306110048e+01
5.984989504971466090e+01
5.985087695606517144e+01
5.985186947616985975e+01
5.985283693952617767e+01
5.985378416324316930e+01
5.985473721348177634e+01
5.985566296011925402e+01
5.985658740545667200e+01
5.985751941986250557e+01
5.985842876782329824e+01
5.985933926596526078e+01
5.986023360436107055e+01
5.986109280855918513e+01
5.986198346646969526e+01
5.986285224038397246e+01
5.986372940968918499e+01
5.986458690515749481e+01
5.986543970012546367e+01
5.986626506257669433e+01
5.986707633975539267e+01
5.986788205516909755e+01
5.986868409981769190e+01
5.986948983567977223e+01
5.987027995818897352e+01
5.987105998693157716e+01
5.987182455439050699e+01
5.987260448214744457e+01
5.987337185521680283e+01
5.987411136032930870e+01
5.987484114000164936e+01
5.987557163596238041e+01
5.987630252048473523e+01
5.987703383175656313e+01
5.987774310253301024e+01
5.987844493067886020e+01
5.987913523703942786e+01
5.987981829737664441e+01
5.988051603065044759e+01
5.988118729080357383e+01
5.988185749549496961e+01
5.988251946072823984e+01
5.988315839005445440e+01
5.988378759356567116e+01
5.988441242300374512e+01
5.988505526636822651e+01
5.988569491872327433e+01
5.988631028830802450e+01
5.988691735474590416e+01
5.988752899030307475e+01
5.988813280409979711e+01
5.988872769962979703e+01
5.988932903472940694e+01
5.988989515495437388e+01
5.989046207043354286e+01
5.989102198113833708e+01
5.989157175926284538e+01
5.989213483368795465e+01
5.989267348609210728e+01
5.989322031501539811e+01
5.989376031476319895e+01
5.989430389636417118e+01
5.989483003790576277e+01
