4.769999999999999796e-01
1.236923999999886004e+00
1.919857679999925404e+00
2.622354156000024084e+00
3.286990535318833118e+00
3.949260006069310602e+00
4.604059449977698115e+00
5.242244593689648013e+00
5.900346109755634672e+00
6.545837396827603349e+00
7.192470580458898866e+00
7.845977972242361709e+00
8.483643248954894744e+00
9.134500591713246465e+00
9.780760601832110268e+00
1.044790786752733958e+01
1.108522400919189366e+01
1.170546161088377701e+01
1.232600604389802967e+01
1.293786652671065518e+01
1.355178747407118856e+01
1.414580383819822806e+01
1.473275775585872438e+01
1.530789002721523318e+01
1.587059271166142693e+01
1.644376927140266176e+01
1.698818977548683762e+01
1.753113025664497826e+01
1.807113190663914182e+01
1.861103846200307288e+01
1.913822291811693432e+01
1.966123398472412731e+01
2.018611974795755515e+01
2.070403410028051283e+01
2.122081946247574180e+01
2.172097077362042938e+01
2.221779196337698536e+01
2.272274447386745067e+01
2.322756185233711435e+01
2.371969531876770176e+01
2.419894668660702308e+01
2.467929985093268286e+01
2.514239195842426966e+01
2.560825291480426458e+01
2.606380027952199185e+01
2.651122953187087106e+01
2.696035676328185460e+01
2.739969275652227054e+01
2.784204287152146051e+01
2.827288052539223528e+01
2.870806138948418607e+01
2.913236182446479106e+01
2.954305038524245575e+01
2.996436668363893929e+01
3.038088865263738114e+01
3.078369451309622917e+01
3.118361151735544468e+01
3.159052550278601146e+01
3.197919038844299067e+01
3.236949546001500977e+01
3.275365413863760011e+01
3.313061278300296664e+01
3.350980804504680322e+01
3.388924623659686119e+01
3.424917471125436919e+01
3.461762783534323518e+01
3.498213885963227909e+01
3.533530398890996338e+01
3.568741140775001952e+01
3.604514477004889983e+01
3.638212989723654545e+01
3.672240768086540896e+01
3.706340511330527221e+01
3.739763158122440245e+01
3.773284137884687794e+01
3.806140497200213701e+01
3.839320526007783485e+01
3.871550717090954663e+01
3.903472304555762662e+01
3.934975226542837845e+01
3.966100466060101581e+01
3.997189142930783845e+01
4.027616039031335049e+01
4.058077366605803604e+01
4.087640834065842199e+01
4.116619265567375407e+01
4.146032607616004384e+01
4.175009995144957031e+01
4.204077522496092456e+01
4.232596817863771577e+01
4.261061617502254961e+01
4.289786700272354381e+01
4.317280439035474870e+01
4.344137946264874017e+01
4.370548037819647647e+01
4.397371445557728009e+01
4.424174299845200409e+01
4.449596277481381890e+01
4.475477352116854490e+01
4.501391702419746110e+01
4.526732121406071485e+01
4.552058301734366097e+01
4.577235257265671464e+01
4.601553118248521912e+01
4.625895023618537039e+01
4.650073571351172319e+01
4.674210208672841560e+01
4.698368177488644193e+01
4.722159597487940630e+01
4.744907255062154405e+01
4.768125915877002541e+01
4.790919033656810200e+01
4.813678887576740806e+01
4.835684373195162777e+01
4.858465109727152509e+01
4.880177498401471325e+01
4.901716395740433541e+01
4.922919571762445656e+01
4.944237557181961051e+01
4.965399819590076902e+01
4.986625889334122519e+01
5.007402589110802893e+01
5.027904034663763611e+01
5.047808306293893565e+01
5.067919028096928002e+01
5.087751771583113936e+01
5.107329815495365466e+01
5.126564186661529021e+01
5.145589639015960870e+01
5.164184166393982167e+01
5.182627946551951226e+01
5.201369772998749141e+01
5.220253235330805097e+01
5.238811252494168968e+01
5.257079655301347287e+01
5.275026332392798167e+01
5.292579418514354472e+01
5.310168956731684631e+01
5.327235326058342935e+01
5.344126084918038799e+01
5.360835692924165841e+01
5.377286086524763675e+01
5.393804768894555934e+01
5.409671199703314670e+01
5.425811764801770920e+01
5.441888727323707542e+01
5.457452200418394028e+01
5.473122503811280382e+01
5.488261030232057891e+01
5.503585941286313954e+01
5.519331163359010617e+01
5.534116524805082094e+01
5.549309667572192950e+01
5.564093029574370064e+01
5.578528595795510370e+01
5.592752414851619136e+01
5.607242640942185119e+01
5.621191662300587666e+01
5.635215754080238781e+01
5.649091512941001980e+01
5.662682311983544992e+01
5.676462372816438773e+01
5.689880860715068422e+01
5.703320626613817979e+01
5.716322026059217620e+01
5.729698134378483587e+01
5.742657646346824407e+01
5.754987284173907369e+01
5.767476376605524280e+01
5.779963158980129379e+01
5.792373977808376395e+01
5.804364817570309043e+01
5.816276579115827161e+01
5.828104372506194863e+01
5.840034855044789452e+01
5.851615217851593798e+01
5.863059313738570921e+01
5.874508832397876290e+01
5.886059458646777642e+01
5.897344007671068766e+01
5.908709004609449522e+01
5.919994407255307323e+01
5.931146084609869007e+01
5.942057501596452340e+01
5.952919598660344747e+01
5.963559355536587248e+01
5.974134354771121025e+01
5.984382218401483300e+01
5.994767936562116972e+01
6.005022862088137714e+01
6.015040426416603481e+01
6.025198343310015048e+01
6.035275008601413305e+01
6.045225033151174188e+01
6.054984480663270574e+01
6.064625201038320057e+01
6.074218330658675313e+01
6.083460079478622617e+01
6.092653154811927863e+01
6.101613553066843565e+01
6.110399940144017705e+01
6.119170088884611403e+01
6.128069203378675667e+01
6.136998927044781027e+01
6.145735106197940212e+01
6.154493499030024850e+01
6.163025554808972828e+01
6.171336173214806564e+01
6.179778799955992952e+01
6.187996248774408770e+01
6.196253903609127889e+01
6.204383398186801912e+01
6.212429222667571338e+01
6.220455725293795268e+01
6.228403126836602866e+01
6.236201916160742798e+01
6.243885071839964951e+01
6.251386364315287381e+01
6.258991536477755346e+01
6.266488556875533078e+01
6.274064023137152901e+01
6.281546376803886034e+01
6.288928130404602257e+01
6.296156320331492395e+01
6.303443809486481086e+01
6.310593812153141613e+01
6.317704297533467184e+01
6.324512845210544754e+01
6.331478798420526743e+01
6.338269980930431302e+01
6.344882254221838735e+01
6.351345989215767673e+01
6.357612986483322715e+01
6.364043292841247990e+01
6.370398824169626550e+01
6.376897202633411865e+01
6.383174777600952865e+01
6.389405280086750594e+01
6.395699676398631084e+01
6.402068740363985455e+01
6.408137494136292389e+01
6.414093208294718806e+01
6.419968282509427127e+01
6.425969844752755478e+01
6.431833904169545235e+01
6.437576248407970070e+01
6.443220665092638910e+01
6.448661607686308628e+01
6.454139115619565814e+01
6.459571673748214948e+01
6.464933694592329516e+01
6.470308701010750951e+01
6.475685569181186452e+01
6.481033050478994539e+01
6.486413486544635987e+01
6.491603676308704962e+01
6.496690069986124172e+01
6.501703689694851107e+01
6.506699335622244007e+01
6.511593191243535728e+01
6.516502619233412474e+01
6.521381822388897831e+01
6.526071409389601286e+01
6.530772427572985350e+01
6.535343340863603601e+01
6.539895036741896206e+01
6.544576521136276881e+01
6.549306849500969463e+01
6.553832263020008497e+01
6.558293671363037447e+01
6.562688587176170074e+01
6.567129474246301868e+01
6.571453825771128265e+01
6.575570894330300575e+01
6.579766521703918158e+01
6.583888037790757153e+01
6.587987064283127836e+01
6.592069200314615784e+01
6.596121526742369667e+01
6.600171485642462699e+01
6.604167753970305910e+01
6.608132963528555592e+01
6.611968021612580060e+01
6.615781600785658156e+01
6.619597937604069671e+01
6.623381813096956705e+01
6.627191074083647493e+01
6.630761612726163889e+01
6.634327982293923753e+01
6.637950160068083960e+01
6.641644025522167283e+01
6.645319204745472064e+01
6.648917772103959578e+01
6.652388803173975873e+01
6.655865232573363244e+01
6.659247594189513109e+01
6.662646163707137248e+01
6.665952118759352629e+01
6.669269546855399255e+01
6.672610767365574702e+01
6.675895036041553965e+01
6.679163454700537272e+01
6.682426586211690278e+01
6.685573337986116371e+01
6.688671192102529517e+01
6.691774911225597577e+01
6.694799575288023163e+01
6.697821875393819369e+01
6.700792231430656898e+01
6.703774547630428060e+01
6.706727040668283735e+01
6.709614443143050266e+01
6.712494271455292960e+01
6.715238576133916126e+01
6.717921354508636966e+01
6.720688233320257154e+01
6.723444563406457064e+01
6.726162168746024861e+01
6.728830089116644331e+01
6.731464847715922417e+01
6.734077269817922229e+01
6.736677863219276219e+01
6.739244981277157365e+01
6.741852980591892219e+01
6.744396369555005322e+01
6.746938737463635505e+01
6.749389973021526146e+01
6.751873896755462567e+01
6.754256366187111382e+01
6.756617575863634784e+01
6.759049852674949932e+01
6.761408965293850315e+01
6.763752664133861003e+01
6.766103900354876544e+01
6.768424306518905098e+01
6.770635609338579286e+01
6.772824116075503298e+01
6.775100624143772166e+01
6.777362400672346610e+01
6.779581676421618397e+01
6.781741687533710206e+01
6.783913876594255044e+01
6.786004215570279996e+01
6.788052005006754541e+01
6.790123121352941382e+01
6.792202853694314513e+01
6.794315223419509664e+01
6.796334916359236900e+01
6.798355603091810906e+01
6.800371367522291166e+01
6.802351545888515716e+01
6.804324846739869770e+01
6.806246427017491385e+01
6.808131806095245508e+01
6.809991206152096765e+01
6.811807182206352707e+01
6.813692431144617956e+01
6.815557444872735005e+01
6.817314556605542464e+01
6.819104510831859045e+01
6.820903398566872511e+01
6.822644184696693515e+01
6.824425420926361596e+01
6.826156560051298072e+01
6.827869872270650831e+01
6.829624997865683156e+01
6.831272131435166273e+01
6.832886537066926280e+01
6.834478361027939286e+01
6.836066768101298408e+01
6.837636621697649275e+01
6.839235462619987516e+01
6.840768367871251598e+01
6.842301720269419718e+01
6.843799458486061837e+01
6.845313605386415645e+01
6.846787478887038958e+01
6.848314696053013506e+01
6.849795067551457350e+01
6.851246225728782235e+01
6.852696259956869085e+01
6.854102027209886216e+01
6.855526217184043958e+01
6.856889741956779005e+01
6.858284958086220229e+01
6.859668100473145103e+01
6.860996912726548658e+01
6.862340052431648019e+01
6.863659230000720868e+01
6.864970829488036941e+01
6.866267129654511336e+01
6.867552628311992180e+01
6.868821964899065335e+01
6.870062623233368981e+01
6.871294688246517524e+01
6.872551995148710091e+01
6.873773557236651754e+01
6.875004178729462012e+01
6.876222127706888898e+01
6.877402149936290243e+01
6.878559781116992156e+01
6.879727872085111073e+01
6.880878652275625029e+01
6.881997720475658298e+01
6.883134911484488327e+01
6.884252365892449177e+01
6.885355772741054636e+01
6.886472740221550737e+01
6.887557170753930791e+01
6.888644367437134974e+01
6.889726374109052642e+01
6.890782774642613617e+01
6.891854068928989818e+01
6.892879208299781624e+01
6.893890353604537324e+01
6.894887836595871988e+01
6.895855781060572554e+01
6.896816618401074095e+01
6.897808443124120004e+01
6.898788421675988047e+01
6.899720280730150535e+01
6.900641513038101493e+01
6.901595982675142693e+01
6.902525522135077551e+01
6.903433919380302086e+01
6.904338677959347592e+01
6.905228168737323813e+01
6.906121628012672886e+01
6.907009268649869682e+01
6.907909492324617418e+01
6.908781858958725763e+01
6.909648656786595211e+01
6.910515636018978114e+01
6.911346889772647728e+01
6.912169320795835858e+01
6.913011560060014915e+01
6.913834251039313017e+01
6.914633740157798059e+01
6.915432585724708758e+01
6.916206461241492320e+01
6.916995293904068376e+01
6.917764231027651078e+01
6.918518299418033735e+01
6.919297218993234821e+01
6.920047355247189103e+01
6.920784508595407658e+01
6.921535432036732516e+01
6.922263400420058588e+01
6.922985529610464539e+01
6.923714259573583263e+01
6.924417239907887733e+01
6.925129855406004253e+01
6.925835344749094702e+01
6.926535254467692937e+01
6.927222844637161359e+01
6.927910788460258118e+01
6.928578049558500140e+01
6.929242788233953831e+01
6.929891660031405820e+01
6.930554777946996126e+01
6.931208318154124015e+01
6.931828291498989358e+01
6.932451113843075063e+01
6.933057415511638055e+01
6.933678410608571596e+01
6.934290300230473747e+01
6.934895331196467794e+01
6.935499621478061272e+01
6.936106659948397635e+01
6.936685914944060016e+01
6.937264174008731743e+01
6.937859074676458704e+01
6.938424868740783324e+01
6.938988710950518168e+01
6.939543416365268058e+01
6.940088435553550994e+01
6.940628088178060295e+01
6.941167808541433715e+01
6.941686066761852203e+01
6.942209934596789367e+01
6.942731455737543911e+01
6.943235593643562709e+01
6.943758782856627931e+01
6.944272531043654340e+01
6.944783919777177061e+01
6.945281638295814730e+01
6.945775741002081816e+01
6.946257714632781699e+01
6.946753177834588655e+01
6.947236934939880371e+01
6.947707717491735480e+01
6.948171346764263490e+01
6.948634825713359930e+01
6.949101424191221099e+01
6.949560704707445780e+01
6.950020988787477449e+01
6.950463263613870879e+01
6.950911205385659741e+01
6.951362042019277965e+01
6.951800605170232927e+01
6.952235045509011968e+01
6.952666897734491158e+01
6.953089215256080990e+01
6.953509349709082699e+01
6.953920612248471400e+01
6.954324512961183302e+01
6.954728271833758413e+01
6.955136934332188048e+01
6.955526898668760793e+01
6.955921486556434274e+01
6.956303868869537155e+01
6.956681191970427847e+01
6.957059866939927417e+01
6.957440290267273042e+01
6.957815196937433200e+01
6.958190592790006690e+01
6.958550598147292021e+01
6.958906726523748887e+01
6.959264447785474772e+01
6.959618049001909412e+01
6.959965534665253983e+01
6.960307736568768178e+01
6.960644725639289732e+01
6.960981942775185871e+01
6.961323273052822458e+01
6.961657612564263786e+01
6.961987394387273298e+01
6.962320239771113961e+01
6.962640434024987712e+01
6.962965084815564865e+01
6.963281531705752059e+01
6.963592071522468530e+01
6.963900411000484780e+01
6.964196848469902079e+01
6.964497931509670536e+01
6.964799978631404542e+01
6.965098959524252109e+01
6.965394769407529907e+01
6.965691164115638401e+01
6.965985216457892193e+01
6.966271888854484473e+01
6.966552996589048519e+01
6.966828708447643237e+01
6.967102686767933051e+01
6.967375360876306445e+01
6.967649571890535753e+01
6.967926254983899526e+01
6.968185504476645065e+01
6.968447474696165500e+01
6.968715498338033854e+01
6.968969273963651290e+01
6.969225785309542687e+01
6.969481212050837371e+01
6.969739407343701032e+01
6.969990018390960529e+01
6.970237556273924895e+01
6.970488906270530549e+01
6.970723218659573206e+01
6.970958342472009406e+01
6.971191696069827515e+01
6.971422104967560074e+01
6.971654836648561115e+01
6.971884465833856837e+01
6.972117798613292905e+01
6.972344481286417306e+01
6.972573888710175538e+01
6.972792946474417874e+01
6.973008875422253539e+01
6.973224104712043925e+01
6.973440892821869852e+01
6.973656065776515334e+01
6.973866994771404393e+01
6.974072468517367440e+01
6.974278158953971740e+01
6.974482229736217676e+01
6.974679559998625678e+01
6.974871519179902180e+01
6.975067165103955347e+01
6.975261964622984578e+01
6.975455083459888783e+01
6.975648211801245679e+01
6.975835799170545215e+01
6.976024824884342479e+01
6.976208194236339466e+01
6.976391085692479521e+01
6.976568876524790142e+01
6.976748599063806466e+01
6.976918987491781365e+01
6.977095432012914955e+01
6.977277660159158756e+01
6.977450088170269282e+01
6.977619923112908396e+01
6.977786261314480498e+01
6.977956251554394385e+01
6.978119892705312566e+01
6.978284249371166936e+01
6.978446987506924870e+01
6.978606908520460195e+01
6.978765745630371953e+01
6.978918427280834180e+01
6.979075450337472830e+01
6.979231593641715392e+01
6.979385114795562117e+01
6.979534650480862013e+01
6.979681997736635424e+01
6.979830158659746076e+01
6.979977517254137354e+01
6.980125845634779580e+01
6.980270316177373502e+01
6.980411101056725443e+01
6.980555393694164934e+01
6.980691783514772908e+01
6.980828493530626133e+01
6.980965081609578249e+01
6.981098172679136837e+01
6.981232973457055380e+01
6.981364972314848671e+01
6.981497455468802116e+01
6.981627550074172461e+01
6.981758131982368809e+01
6.981884496802277340e+01
6.982009656396060393e+01
6.982133988538281244e+01
6.982259997593239120e+01
6.982382875889992135e+01
6.982505404617533884e+01
6.982626411744091399e+01
6.982749197308713462e+01
6.982869448140706936e+01
6.982986483873837358e+01
6.983102776206305862e+01
6.983215827403738274e+01
6.983326719374416314e+01
6.983441611825239193e+01
6.983554945218618570e+01
6.983665977937241109e+01
6.983779032354756566e+01
6.983887955010258963e+01
6.983995492960066542e+01
6.984099794101376801e+01
6.984203390096728015e+01
6.984305456365846965e+01
6.984404530889116813e+01
6.984504847037135278e+01
6.984604577305071871e+01
6.984703432672937140e+01
6.984803026281200289e+01
6.984898924701532508e+01
6.984994799428454826e+01
6.985090832412494422e+01
6.985185119342304461e+01
6.985278967575929698e+01
6.985369153495750538e+01
6.985460668246001603e+01
6.985549646504426846e+01
6.985638150100288613e+01
6.985726837179325344e+01
6.985812915017018554e+01
6.985899568696062545e+01
6.985987004057354000e+01
6.986070696366365951e+01
6.986154971758125498e+01
6.986239990764015317e+01
6.986323865908244102e+01
6.986405891049506067e+01
6.986486920740013318e+01
6.986566793238935702e+01
6.986645339609047767e+01
6.986725468313230181e+01
6.986802283314877116e+01
6.986878330166447881e+01
6.986954606229647879e+01
6.987031705848180252e+01
6.987107122222148803e+01
6.987181647248779370e+01
6.987254600836493523e+01
6.987326746457002002e+01
6.987399945410274427e+01
6.987472006058268903e+01
6.987541715346077353e+01
6.987611567052995554e+01
6.987681498082984888e+01
6.987750444985366016e+01
6.987818420449531231e+01
6.987887184278645236e+01
6.987952844895758631e+01
6.988018639290594081e+01
6.988082802657284276e+01
6.988146453499521726e+01
6.988207373582584125e+01
6.988272784997798226e+01
6.988334853714489725e+01
6.988397131736000745e+01
6.988458050287802337e+01
6.988519294683106864e+01
6.988580574609451901e+01
6.988640600241245693e+01
6.988697730254909857e+01
6.988754998534609797e+01
6.988811729699644104e+01
