5.111999999999999877e-01
8.565119999999620815e-01
1.332154529999975967e+00
1.691747339400022865e+00
2.170220211981022551e+00
2.578575339408083700e+00
3.021259305656408323e+00
3.432672950222558583e+00
3.833051873134876164e+00
4.223397792984619592e+00
4.603057388073316325e+00
4.967280989905733968e+00
5.332914749488658401e+00
5.680764083005415799e+00
6.009584373138464386e+00
6.320925497518599556e+00
6.646097220299755470e+00
6.978806898728381114e+00
7.311193729914007733e+00
7.632821175173122974e+00
7.951804880836107259e+00
8.274967273043191796e+00
8.601471412162450036e+00
8.929234111307298605e+00
9.257883277606852701e+00
9.570411899813443313e+00
9.903455560374201383e+00
1.021563490189936729e+01
1.053601323931733802e+01
1.084661267893098646e+01
1.115832241627673938e+01
1.146625598321652539e+01
1.177190769285625649e+01
1.207299565128129970e+01
1.236382508720384799e+01
1.266264966803958103e+01
1.295953062289416202e+01
1.324048112538582345e+01
1.351718875820299459e+01
1.379545398060606409e+01
1.407622142767776729e+01
1.435669787203447534e+01
1.464000822124453549e+01
1.491620138961528674e+01
1.519805083828969750e+01
1.547695455538010911e+01
1.574714889316627442e+01
1.601158601313957064e+01
1.629041596980325579e+01
1.655313527107841409e+01
1.681371138419456912e+01
1.707234058778659858e+01
1.733360160407111294e+01
1.758373797685466755e+01
1.783131486926897225e+01
1.808844090703365382e+01
1.833678703131378995e+01
1.857858957697972357e+01
1.882908359334602721e+01
1.907099315130014361e+01
1.931414956317853182e+01
1.955525359049148548e+01
1.979078259500239767e+01
2.002703556161733545e+01
2.026492053187141451e+01
2.049522324719652389e+01
2.072590164837891891e+01
2.095253931401218139e+01
2.118089920151064831e+01
2.139692876583311687e+01
2.162539577497043197e+01
2.184736505766872838e+01
2.206148874764480183e+01
2.227572786556701345e+01
2.248601830015028114e+01
2.269302936378367619e+01
2.289904184256387154e+01
2.310760641623028633e+01
2.330874301011149541e+01
2.351229826582646965e+01
2.371480252005459732e+01
2.391085125192422112e+01
2.411327322900932657e+01
2.430885101859653474e+01
2.450621306470526406e+01
2.470726183899415318e+01
2.489673583869697993e+01
2.508464879510700030e+01
2.526853528366291357e+01
2.546063988362412900e+01
2.563710302371179139e+01
2.582037618397191991e+01
2.599915887132636172e+01
2.618149460179278165e+01
2.636558378700099325e+01
2.653890249132676971e+01
2.671433658450212789e+01
2.688967617799217180e+01
2.706232871484617419e+01
2.723129515925199939e+01
2.740223226262663303e+01
2.756363275938169011e+01
2.772370624980733211e+01
2.788430997021702495e+01
2.805083209044290626e+01
2.820876193648800978e+01
2.836452664336117024e+01
2.851716433928235617e+01
2.866651933536006780e+01
2.882708710203858260e+01
2.897535682229759857e+01
2.912778067678183902e+01
2.927468961270396264e+01
2.942199242549947158e+01
2.956193941248625023e+01
2.970672015123227538e+01
2.985095689972692767e+01
2.999227026727749745e+01
3.013213995525012834e+01
3.027082262944788127e+01
3.040745984004280089e+01
3.053875909826051327e+01
3.067220775201039373e+01
3.080911497937852417e+01
3.093757857768279962e+01
3.106868650727494341e+01
3.119791963618061814e+01
3.132798115366986025e+01
3.145732218448651807e+01
3.158969093358152946e+01
3.171686420927420258e+01
3.184139871395375110e+01
3.195778835109311089e+01
3.207724376451579218e+01
3.219360599993623140e+01
3.231413454436259514e+01
3.243200481770858801e+01
3.254831784732643030e+01
3.266269325177290739e+01
3.278218257092839139e+01
3.289521239296286836e+01
3.301040878316311478e+01
3.312606115907477999e+01
3.323967791877458922e+01
3.335147638265252823e+01
3.346159798718061751e+01
3.357269319802843910e+01
3.368181018101899582e+01
3.379042345938443503e+01
3.389522160314325561e+01
3.399553926276237803e+01
3.409906310135719565e+01
3.419962000198581364e+01
3.429962256994819825e+01
3.440192236063101205e+01
3.450429426532723909e+01
3.460259846103511450e+01
3.470177728262025596e+01
3.479788001267949937e+01
3.489294079542724347e+01
3.498997501493968798e+01
3.508209323455086803e+01
3.517305472214921735e+01
3.526431143218447062e+01
3.535525196958935368e+01
3.544410224056981207e+01
3.553285594759012866e+01
3.562551956935179476e+01
3.571614772751227918e+01
3.580215558676933085e+01
3.589012894790251096e+01
3.597609288661787019e+01
3.606245759588593813e+01
3.614667570276041175e+01
3.622949486111522077e+01
3.631217482760725801e+01
3.639489768433176664e+01
3.647748548333095897e+01
3.655558717116358736e+01
3.663517467967819385e+01
3.671201699826819720e+01
3.678736112916723044e+01
3.686357335548763814e+01
3.693845126579158489e+01
3.701166774795652259e+01
3.708736112813483032e+01
3.715970664572135718e+01
3.723438230277758265e+01
3.730595321747785675e+01
3.737860411989852594e+01
3.744984704633365880e+01
3.751939489777559089e+01
3.758609835649099296e+01
3.765511030081847821e+01
3.772196635857849856e+01
3.778899916223831212e+01
3.785421793819760694e+01
3.792091097091885388e+01
3.798786663334655600e+01
3.805530306969194498e+01
3.812403464289400290e+01
3.819056680575384632e+01
3.825391242818172799e+01
3.831668959455756607e+01
3.837825983773497995e+01
3.843824603711406951e+01
3.849825045660052325e+01
3.855977775470061175e+01
3.861946585238149510e+01
3.867979323579807271e+01
3.873859646237614385e+01
3.879786727941653623e+01
3.885527468242723614e+01
3.891077947061939568e+01
3.896668364403774376e+01
3.902154480829921113e+01
3.907811610601796559e+01
3.913466378958318614e+01
3.918877880467583452e+01
3.924156677201271748e+01
3.929365152702668240e+01
3.934526967802901254e+01
3.939743492935837565e+01
3.944904662971922704e+01
3.949820533888206597e+01
3.954791458348183397e+01
3.959716800368796186e+01
3.964873769648944801e+01
3.969704130874686854e+01
3.974525229779106184e+01
3.979356589535647970e+01
3.984330957540991847e+01
3.989414879378971790e+01
3.994203712287953323e+01
3.998974168771857762e+01
4.003462243934195897e+01
4.008029534282918149e+01
4.012577939655794523e+01
4.016946431764164771e+01
4.021232309349391443e+01
4.025499527885803275e+01
4.029868707938855010e+01
4.034154665937239059e+01
4.038238615552486266e+01
4.042441865893513153e+01
4.046586036546202081e+01
4.050787494263821742e+01
4.055070576204148836e+01
4.059205792823009773e+01
4.063240705627502081e+01
4.067352804152415047e+01
4.071317051943845655e+01
4.075237684984768549e+01
4.079053831367632199e+01
4.082789769463578722e+01
4.086543849985044830e+01
4.090448887711551151e+01
4.094245367373427058e+01
4.097948532965085633e+01
4.101678348484010428e+01
4.105307821080351971e+01
4.108882855253182953e+01
4.112557215284076761e+01
4.116140061189581445e+01
4.119730738568877371e+01
4.123299452185194269e+01
4.126703415185794199e+01
4.129947615543382256e+01
4.133166138342097184e+01
4.136578827762156862e+01
4.139818163810272011e+01
4.143032326385266373e+01
4.146280625900324424e+01
4.149656622118854443e+01
4.152851107077241011e+01
4.156079848683620526e+01
4.159251959637521168e+01
4.162392349481894627e+01
4.165538041283140558e+01
4.168512371798819061e+01
4.171513920073269333e+01
4.174485452864966817e+01
4.177426682670453317e+01
4.180421694963813906e+01
4.183287691342997761e+01
4.186188890635928317e+01
4.188958338531691084e+01
4.191829746818623192e+01
4.194735513646113390e+01
4.197465429573252749e+01
4.200166961824035639e+01
4.202729280029262071e+01
4.205309023930895762e+01
4.207949785631740980e+01
4.210604248355647172e+01
4.213223915532058328e+01
4.215792370277895174e+01
4.218359906077495936e+01
4.220878749672601060e+01
4.223307512335531300e+01
4.225794376073887548e+01
4.228158299194905823e+01
4.230513002578796034e+01
4.232900308438791370e+01
4.235324040103775900e+01
4.237686224530264667e+01
4.240034944738732037e+01
4.242341436924706244e+01
4.244605858254426067e+01
4.246867795236992293e+01
4.249068526865898576e+01
4.251276230582926274e+01
4.253464900100250645e+01
4.255682463532725279e+01
4.257985639631462504e+01
4.260171726960849270e+01
4.262310482104192033e+01
4.264386924395146394e+01
4.266476570263013457e+01
4.268554638363225706e+01
4.270644816710137803e+01
4.272695032579887453e+01
4.274736146968390926e+01
4.276661108110084086e+01
4.278601111659408218e+01
4.280509508755682901e+01
4.282404486421691558e+01
4.284291730101458029e+01
4.286230054229751829e+01
4.288142765978891902e+01
4.289967789787642971e+01
4.291761275617888316e+01
4.293607933957567724e+01
4.295362561586556183e+01
4.297131004488211659e+01
4.298892112272065447e+01
4.300702548322752961e+01
4.302382626830227252e+01
4.304039879396900403e+01
4.305706407356171184e+01
4.307354629687146996e+01
4.309002609246541482e+01
4.310664655418982960e+01
4.312348598543346156e+01
4.313965909725399683e+01
4.315536472672681612e+01
4.317032644473956537e+01
4.318590911729177151e+01
4.320103929300614709e+01
4.321608110340879705e+01
4.323092502364568190e+01
4.324580261937637005e+01
4.326033369783779392e+01
4.327504190017165797e+01
4.328995928198892784e+01
4.330475852749030707e+01
4.331864160235046057e+01
4.333240520455217393e+01
4.334664991060680705e+01
4.336077656328340879e+01
4.337437018688958545e+01
4.338779334012299671e+01
4.340103755339979585e+01
4.341406080186303029e+01
4.342690226639854245e+01
4.343960766089925585e+01
4.345274430899957707e+01
4.346567706116333341e+01
4.347863152214321047e+01
4.349144173104075861e+01
4.350382049622064073e+01
4.351602502196899280e+01
4.352819312633716464e+01
4.354069399839163879e+01
4.355297894843313600e+01
4.356502565902602697e+01
4.357699531221138045e+01
4.358810789801761132e+01
4.359944524621967332e+01
4.361071134132683369e+01
4.362217642201019174e+01
4.363339214157779367e+01
4.364436879380269119e+01
4.365552529276341431e+01
4.366634675603366134e+01
4.367690973116592801e+01
4.368773073842955768e+01
4.369838216767782768e+01
4.370872456842278808e+01
4.371916403422881814e+01
4.372939390876294397e+01
4.373963152417951505e+01
4.374968116833120035e+01
4.375993268077043297e+01
4.376986241550965673e+01
4.377949088346940698e+01
4.378900998592573757e+01
4.379839134730577399e+01
4.380765874854792941e+01
4.381692957469869043e+01
4.382622796129518861e+01
4.383544047244483011e+01
4.384453622781072113e+01
4.385381970408527508e+01
4.386282239439166375e+01
4.387164116840870776e+01
4.388033795450593288e+01
4.388871688371870050e+01
4.389712134457265336e+01
4.390555326817030846e+01
4.391377262267871373e+01
4.392200300018091497e+01
4.392987103856808773e+01
4.393808570024413740e+01
4.394626499870754088e+01
4.395434089025332014e+01
4.396261266578282090e+01
4.397075027714832629e+01
4.397844849078911977e+01
4.398598815628215419e+01
4.399377395833722204e+01
4.400159091534601430e+01
4.400899873939476947e+01
4.401638377013866688e+01
4.402369918158244388e+01
4.403100845806559960e+01
4.403822805454343126e+01
4.404540145555649389e+01
4.405244893204384482e+01
4.405940715675316000e+01
4.406610725117558047e+01
4.407290203123653782e+01
4.407940893030865936e+01
4.408616769842990379e+01
4.409272750418733722e+01
4.409916867733078050e+01
4.410560669365546715e+01
4.411213502972373846e+01
4.411854294738434135e+01
4.412508450014637162e+01
4.413130846070349378e+01
4.413742500600468333e+01
4.414372636726962895e+01
4.414950214039478738e+01
4.415557082689589663e+01
4.416151715917222020e+01
4.416731358266493146e+01
4.417311583988952606e+01
4.417895758469814638e+01
4.418456649076698994e+01
4.419023116776946836e+01
4.419572845660744065e+01
4.420118035222542829e+01
4.420655770738057555e+01
4.421178739865597151e+01
4.421700920314388128e+01
4.422228001368851835e+01
4.422759427902419560e+01
4.423282032755533777e+01
4.423783835630631955e+01
4.424276789988834224e+01
4.424806626054719771e+01
4.425310755979960220e+01
4.425830429510091335e+01
4.426321508130482840e+01
4.426800857472527184e+01
4.427281053988819792e+01
4.427745554653680671e+01
4.428202782047387132e+01
4.428665755371043389e+01
4.429117969948362088e+01
4.429570147218652920e+01
4.430022068589288153e+01
4.430463609958981408e+01
4.430905940811182120e+01
4.431352380118356393e+01
4.431783901510340229e+01
4.432216571953496498e+01
4.432654423513423581e+01
4.433084326206966352e+01
4.433510411870926049e+01
4.433929135025292112e+01
4.434337057269547699e+01
4.434735054271908439e+01
4.435129302806621610e+01
4.435521365958977924e+01
4.435919038089661370e+01
4.436308914848230245e+01
4.436689407459656564e+01
4.437061325088528463e+01
4.437446233415697350e+01
4.437824199879729292e+01
4.438199241149490604e+01
4.438558618553941670e+01
4.438918449938476840e+01
4.439271366642311278e+01
4.439626431384574801e+01
4.439973002206707520e+01
4.440305179979107209e+01
4.440639013612465646e+01
4.440967997698409420e+01
4.441308522837822892e+01
4.441638687816955411e+01
4.441966443692956545e+01
4.442301588579994842e+01
4.442629008093421561e+01
4.442957792896228142e+01
4.443270000511544282e+01
4.443588847284869559e+01
4.443899343655821355e+01
4.444210597510682703e+01
4.444521739057432086e+01
4.444825983603833208e+01
4.445124072206799326e+01
4.445419693650875814e+01
4.445712189350579990e+01
4.446001368479036842e+01
4.446298179049731658e+01
4.446588292966927725e+01
4.446873822963604539e+01
4.447154240562021954e+01
4.447432918045021211e+01
4.447717604810544145e+01
4.447988963705760312e+01
4.448257350897737439e+01
4.448520090033853336e+01
4.448786121458442011e+01
4.449045184863258839e+01
4.449303194883842139e+01
4.449555679235282923e+01
4.449806659382863216e+01
4.450060614937962811e+01
4.450307648544192318e+01
4.450561219061689400e+01
4.450810339716053221e+01
4.451049712637798450e+01
4.451289116989060091e+01
4.451523228088159811e+01
4.451758002834224470e+01
4.451980528931068193e+01
4.452210499795686616e+01
4.452438867193714600e+01
4.452663400038543529e+01
4.452890165718603299e+01
4.453112045935365870e+01
4.453326942097550756e+01
4.453536337319271610e+01
4.453757977609389229e+01
4.453968843559424329e+01
4.454174709808407329e+01
4.454381498781526716e+01
4.454586298573462955e+01
4.454787024407989549e+01
4.454981924440099306e+01
4.455178235790663166e+01
4.455370542634096864e+01
4.455562273728882872e+01
4.455766796876803681e+01
4.455961425105900986e+01
4.456157084798624624e+01
4.456348451090156715e+01
4.456537085118239361e+01
4.456723374745726574e+01
4.456902185304477371e+01
4.457079345894564426e+01
4.457252341656705141e+01
4.457429970696674815e+01
4.457608303077242340e+01
4.457783127115035882e+01
4.457951440864876247e+01
4.458116478326018495e+01
4.458283567050648344e+01
4.458451566056357507e+01
4.458615613643887343e+01
4.458781924772601712e+01
4.458945212318194962e+01
4.459112285067579506e+01
4.459273111108314680e+01
4.459429838766923382e+01
4.459584019001081145e+01
4.459735510659825763e+01
4.459891833467573008e+01
4.460041693768178561e+01
4.460193650383813946e+01
4.460343917958598325e+01
4.460489830598275063e+01
4.460635169989772919e+01
4.460784016628448256e+01
4.460928797185848538e+01
4.461061385353549014e+01
4.461200625493253824e+01
4.461339578962117258e+01
4.461478159378565778e+01
4.461613083325810436e+01
4.461747603197909484e+01
4.461883129797728031e+01
4.462013120013293843e+01
4.462144264167397267e+01
4.462273434343009626e+01
4.462402648933122151e+01
4.462526555011802998e+01
4.462650698224381074e+01
4.462773105003462604e+01
4.462896597957072231e+01
4.463021974808280845e+01
4.463140425784000342e+01
4.463261700005246269e+01
4.463376605744854686e+01
4.463493047670656466e+01
4.463611422971838749e+01
4.463721067105893781e+01
4.463836462282488071e+01
4.463952323647868070e+01
4.464065295833670888e+01
4.464177263658145733e+01
4.464283954223186868e+01
4.464393591499753455e+01
4.464499496931480138e+01
4.464606290111849773e+01
4.464709332987042245e+01
4.464812624031476673e+01
4.464916576406093185e+01
4.465017368535036724e+01
4.465116637407323452e+01
4.465216614197726841e+01
4.465313496072536026e+01
4.465410112873745163e+01
4.465504956792767643e+01
4.465596783050740726e+01
4.465689182519468403e+01
4.465783326472931236e+01
4.465876722718473957e+01
4.465970876278430524e+01
4.466061067542750607e+01
4.466149741695085140e+01
4.466236717042716009e+01
4.466321583225502678e+01
4.466407673410753887e+01
4.466492311736122645e+01
4.466578963915203104e+01
4.466663639443018496e+01
4.466750080398489331e+01
4.466835861937020979e+01
4.466919692891679716e+01
4.467000970046377972e+01
4.467083255167593592e+01
4.467160945755708923e+01
4.467241278490315182e+01
4.467318714627770504e+01
4.467397110700115093e+01
4.467473195014296294e+01
4.467550103029570607e+01
4.467626470139062178e+01
4.467702313588367957e+01
4.467776322366000841e+01
4.467850711880019077e+01
4.467924193111345943e+01
4.467996030878238400e+01
4.468067257678259807e+01
4.468136030946619286e+01
4.468207485229283549e+01
4.468277221845816882e+01
4.468344365192954371e+01
4.468411386144725839e+01
4.468477711605687830e+01
4.468544099637833966e+01
4.468609922902417253e+01
4.468675222851606321e+01
4.468738266984387764e+01
4.468802892563182638e+01
4.468867228913702405e+01
4.468931593469336150e+01
4.468991336925605395e+01
4.469052099589856653e+01
4.469112391811101759e+01
4.469173258146008720e+01
4.469232126462526367e+01
4.469289385592213648e+01
4.469347016540215378e+01
4.469404560404851168e+01
4.469461690275470289e+01
4.469518003774453518e+01
4.469572519929828758e+01
4.469627399491053410e+01
4.469680655014104076e+01
4.469734800713951017e+01
4.469788100962959021e+01
4.469841550371633332e+01
4.469894087890021694e+01
4.469948135291050306e+01
4.469999267160683587e+01
4.470048586783688194e+01
4.470099531121137915e+01
4.470150079352076489e+01
4.470198672805850748e+01
4.470246234174686606e+01
4.470294327993862993e+01
4.470342476156861267e+01
4.470391445206578851e+01
4.470439479964185381e+01
