5.027500000000000302e-01
1.000472499999936815e+00
1.492678720000023773e+00
1.980496542249896796e+00
2.463244067075585964e+00
2.938358696005592297e+00
3.414371059542914644e+00
3.881429005378775887e+00
4.347045978187217941e+00
4.805905691598117535e+00
5.259634178629975843e+00
5.708646313140580908e+00
6.155074053780486665e+00
6.599011939315976960e+00
7.035426398360397293e+00
7.469669861619006035e+00
7.898463995142094518e+00
8.322464421414705882e+00
8.743059357185050118e+00
9.158787408699138766e+00
9.569131319292141669e+00
9.977072219302144163e+00
1.038133452560612113e+01
1.077845911314063621e+01
1.117314452717642403e+01
1.156477758163395997e+01
1.195157025377192994e+01
1.233247479099507693e+01
1.271319293542439155e+01
1.309137409097000493e+01
1.346218588815010087e+01
1.383005848589654718e+01
1.419472359488361413e+01
1.455628035067889670e+01
1.491297807076906246e+01
1.526758605381952982e+01
1.561906580496834707e+01
1.596444532453515563e+01
1.630753139171618926e+01
1.664607164529532923e+01
1.698493928960004595e+01
1.731763667288818809e+01
1.764697429938183859e+01
1.797340801118975406e+01
1.829750917270063582e+01
1.861706514234995069e+01
1.893468519956501694e+01
1.924831847319639522e+01
1.955915492366839459e+01
1.986501910205299737e+01
2.016867164714970073e+01
2.047009625740328431e+01
2.076880310477977076e+01
2.106276177333413102e+01
2.135558247108806995e+01
2.164418041367657608e+01
2.193026261762088325e+01
2.221365317108170601e+01
2.249527052467158583e+01
2.277177806829681472e+01
2.304727143774135811e+01
2.332055155856644291e+01
2.359040172948970593e+01
2.385718176482413000e+01
2.412105748138746719e+01
2.438203427052126671e+01
2.464101945630829960e+01
2.489654781446492393e+01
2.514959662192787704e+01
2.540021490871937360e+01
2.564926720609406985e+01
2.589509414508655638e+01
2.613916605217973554e+01
2.637885266729863432e+01
2.661854288347912245e+01
2.685560090417662948e+01
2.709026505063170376e+01
2.732099133983219374e+01
2.755071170392322699e+01
2.777729858361820092e+01
2.800271602639102042e+01
2.822545839915451893e+01
2.844614879518825390e+01
2.866443688316718763e+01
2.887968231223856463e+01
2.909571185887219613e+01
2.930654750363562400e+01
2.951552506448475199e+01
2.972325939654743010e+01
2.992983623068429466e+01
3.013333546654585504e+01
3.033467950465469087e+01
3.053504146467960823e+01
3.073192713874384197e+01
3.092752432792956085e+01
3.112068442512094180e+01
3.131309416740812424e+01
3.150316485196159277e+01
3.169124146359749616e+01
3.187640206613326299e+01
3.206042482570728680e+01
3.224280666229492454e+01
3.242393867779584582e+01
3.260174993967871160e+01
3.277875001426023971e+01
3.295420634861944365e+01
3.312727058709852912e+01
3.329938886513088647e+01
3.346939754282276880e+01
3.363671972201146332e+01
3.380314660716594943e+01
3.396745041160602341e+01
3.413139273784582883e+01
3.429216993571852612e+01
3.445262721732353128e+01
3.461040957492085823e+01
3.476670760726692322e+01
3.492173577653813510e+01
3.507565657970033612e+01
3.522831033882951601e+01
3.537855438820958653e+01
3.552779985429254594e+01
3.567600767093783531e+01
3.582210885914820153e+01
3.596707975663230883e+01
3.610966140948580971e+01
3.625209971197886460e+01
3.639202536729985127e+01
3.653158770982251013e+01
3.666846902990570811e+01
3.680495625212710564e+01
3.693983736008004115e+01
3.707347580345110316e+01
3.720534438662194532e+01
3.733641445488212440e+01
3.746649567822092308e+01
3.759421821381980777e+01
3.772157202244791563e+01
3.784681533884790383e+01
3.797157297201493975e+01
3.809421375703493595e+01
3.821677961327425521e+01
3.833705184441642189e+01
3.845734495490943061e+01
3.857542370278568455e+01
3.869267095987973448e+01
3.880852673537601305e+01
3.892282454981286577e+01
3.903620533425888084e+01
3.914845231086094657e+01
3.926026331824036930e+01
3.937007926646653289e+01
3.947922029275820677e+01
3.958735585856351236e+01
3.969467597584531404e+01
3.979986989972039879e+01
3.990483542957795748e+01
4.000835912981990816e+01
4.011127671433050068e+01
4.021285155795201405e+01
4.031358088861035327e+01
4.041314430655766188e+01
4.051174153404679146e+01
4.060944995356796028e+01
4.070623900448320143e+01
4.080154591895060179e+01
4.089617317169668098e+01
4.099042349931249873e+01
4.108313994904377608e+01
4.117506645166954371e+01
4.126618236543830420e+01
4.135604642027077205e+01
4.144543788862045375e+01
4.153417270114302084e+01
4.162168958486942927e+01
4.170826239978060812e+01
4.179371369539936865e+01
4.187875785677960039e+01
4.196298500332625991e+01
4.204607204574406154e+01
4.212870497606210307e+01
4.221044670912309016e+01
4.229116231220380939e+01
4.237076876810837689e+01
4.244976798338907997e+01
4.252786037170438505e+01
4.260581185723814457e+01
4.268226623317687540e+01
4.275828860181086810e+01
4.283338614121512222e+01
4.290811047495146369e+01
4.298150091118208138e+01
4.305465837238099169e+01
4.312712738244512423e+01
4.319875785642024368e+01
4.326961567189282221e+01
4.333972306653704010e+01
4.340949530138615842e+01
4.347811870387739930e+01
4.354647540465834510e+01
4.361386718111005223e+01
4.368011416822822923e+01
4.374648000068083320e+01
4.381207167451618290e+01
4.387689803632256513e+01
4.394081493717303033e+01
4.400446477966394809e+01
4.406743441649260973e+01
4.412949001017717876e+01
4.419070474098909074e+01
4.425174959067108205e+01
4.431168017191583175e+01
4.437142116091620636e+01
4.443060001102891476e+01
4.448906485863835059e+01
4.454708333417988797e+01
4.460467563031733818e+01
4.466158471309669409e+01
4.471779053559077255e+01
4.477331254107691194e+01
4.482870122069216023e+01
4.488332988807038504e+01
4.493756263186021016e+01
4.499110418875513062e+01
4.504368927047185167e+01
4.509628519447522876e+01
4.514800438079706169e+01
4.519966599818059194e+01
4.525051270411696436e+01
4.530084093239775456e+01
4.535037351919316251e+01
4.539979342381823813e+01
4.544852000750083221e+01
4.549699492054045891e+01
4.554494224459233465e+01
4.559238182109142912e+01
4.563927235765376622e+01
4.568563856555068980e+01
4.573191147756394770e+01
4.577749532556028811e+01
4.582254715075485052e+01
4.586717951401001869e+01
4.591122939386704616e+01
4.595507358463781600e+01
4.599827700579486844e+01
4.604110805789339622e+01
4.608353611454367638e+01
4.612570279309253607e+01
4.616701774233025191e+01
4.620793591753465535e+01
4.624867187483234687e+01
4.628914090643453250e+01
4.632897088364402549e+01
4.636850087482020655e+01
4.640749151678556217e+01
4.644631965557255171e+01
4.648443135853402453e+01
4.652246415180299977e+01
4.655998198376883579e+01
4.659728384137962109e+01
4.663414670332493017e+01
4.667066270909082704e+01
4.670686744158501114e+01
4.674252518731690742e+01
4.677801648755559683e+01
4.681307270247503993e+01
4.684791294016578433e+01
4.688218271037055729e+01
4.691621124954456690e+01
4.694977561252336073e+01
4.698329604448756669e+01
4.701624498491234760e+01
4.704877671430089237e+01
4.708107962019202830e+01
4.711311044575165852e+01
4.714488716454737727e+01
4.717610892564878355e+01
4.720704009716347116e+01
4.723785772152809415e+01
4.726828843559177784e+01
4.729827393883149256e+01
4.732810501762696020e+01
4.735763778563404003e+01
4.738698576448835809e+01
4.741601146535851541e+01
4.744461576223454102e+01
4.747295095121391029e+01
4.750099161116093427e+01
4.752889294800620945e+01
4.755651253279997803e+01
4.758384236528802091e+01
4.761078884806777012e+01
4.763762796364978414e+01
4.766397770382853594e+01
4.769024104969962963e+01
4.771611284148042387e+01
4.774178717842599440e+01
4.776716939256920824e+01
4.779223273696187135e+01
4.781715690448906031e+01
4.784186125487868679e+01
4.786627729384841956e+01
4.789042033344630767e+01
4.791435525167101872e+01
4.793810735090200126e+01
4.796153798182007222e+01
4.798473430642801674e+01
4.800770323872237100e+01
4.803036555290474041e+01
4.805298716271710902e+01
4.807522067270445376e+01
4.809733064101623512e+01
4.811912822451854765e+01
4.814068416326440314e+01
4.816215235483230828e+01
4.818331729062037994e+01
4.820441463611316379e+01
4.822518112595351170e+01
4.824570311812684764e+01
4.826617992877042695e+01
4.828629553884634618e+01
4.830636088998082300e+01
4.832611354646081736e+01
4.834575040743751373e+01
4.836512732471812370e+01
4.838443253700012292e+01
4.840330112190747514e+01
4.842215860431925734e+01
4.844078309737432164e+01
4.845926898008904260e+01
4.847741583280801336e+01
4.849556975925877822e+01
4.851338393255646508e+01
4.853117307606697750e+01
4.854859267422098412e+01
4.856603471330931399e+01
4.858318108982968653e+01
4.860020671938351455e+01
4.861702025128116134e+01
4.863374186607558869e+01
4.865018964206542762e+01
4.866658986434580925e+01
4.868276499158670134e+01
4.869874016846640785e+01
4.871451935219489826e+01
4.873026398055081643e+01
4.874576004563100895e+01
4.876119441370597940e+01
4.877634880738831669e+01
4.879144456331898994e+01
4.880628848355303262e+01
4.882111173861250819e+01
4.883568789045850167e+01
4.885020176833081251e+01
4.886449497999085878e+01
4.887872708567476820e+01
4.889275262266872346e+01
4.890667108959231513e+01
4.892046132299715566e+01
4.893408383956818142e+01
4.894758488914257555e+01
4.896087521877439031e+01
4.897409050307408052e+01
4.898719836880214018e+01
4.900011587172250671e+01
4.901294885604419704e+01
4.902570782550849771e+01
4.903833170223601456e+01
4.905078229609166840e+01
4.906312799396621926e+01
4.907531140713961548e+01
4.908738740097091124e+01
4.909936285161846570e+01
4.911120677446677263e+01
4.912285183479610140e+01
4.913455122164410938e+01
4.914599310428797452e+01
4.915741330492662797e+01
4.916862973335412335e+01
4.917984705749083929e+01
4.919084137633781495e+01
4.920175725683582613e+01
4.921248761733654931e+01
4.922326825791166982e+01
4.923381038280341215e+01
4.924432744103108917e+01
4.925469903659565318e+01
4.926501601055957025e+01
4.927516197251445362e+01
4.928526160935114575e+01
4.929521956056067467e+01
4.930514277703863257e+01
4.931485976746321143e+01
4.932456721598214244e+01
4.933418998311653070e+01
4.934368726532091642e+01
4.935306061002459188e+01
4.936236982131955386e+01
4.937159235075287711e+01
4.938069183071405632e+01
4.938972095901125670e+01
4.939862958524760472e+01
4.940750454423250204e+01
4.941622456748758196e+01
4.942491860398085635e+01
4.943347192709398996e+01
4.944195408205337827e+01
4.945038822385899380e+01
4.945870324031579202e+01
4.946695068483543878e+01
4.947511403149896125e+01
4.948322226319289996e+01
4.949118019928841505e+01
4.949911132518234780e+01
4.950693117115602604e+01
4.951473611661874230e+01
4.952236977938543561e+01
4.952999822261623564e+01
4.953752341744625909e+01
4.954499189805465420e+01
4.955237394835125286e+01
4.955966110230504995e+01
4.956686603140450842e+01
4.957406088051791215e+01
4.958112031602119885e+01
4.958813149689483168e+01
4.959509191773944536e+01
4.960198136592148899e+01
4.960881208035100798e+01
4.961556308730136777e+01
4.962225720661097483e+01
4.962885217886534406e+01
4.963539877002360612e+01
4.964186250232646813e+01
4.964826606149220112e+01
4.965461505552455179e+01
4.966089993456825624e+01
4.966711144522722776e+01
4.967329269658828395e+01
4.967936543604670163e+01
4.968536303801646170e+01
4.969134405636553709e+01
4.969726644147406347e+01
4.970311387287267024e+01
4.970891955603919854e+01
4.971466432741114261e+01
4.972034995521433842e+01
4.972596249742839802e+01
4.973154052158843541e+01
4.973706057152519833e+01
4.974254008222575152e+01
4.974791480291837331e+01
4.975327409507968923e+01
4.975853553624759940e+01
4.976377565978516060e+01
4.976897267722653595e+01
4.977409062915418758e+01
4.977917309129222900e+01
4.978422777754600048e+01
4.978919421723138328e+01
4.979413309148462474e+01
4.979901139492665152e+01
4.980385342952951078e+01
4.980864752029229692e+01
4.981338329192694658e+01
4.981807777710363894e+01
4.982273733852265707e+01
4.982736037431318721e+01
4.983191814747970483e+01
4.983642226779684847e+01
4.984088712061986826e+01
4.984530688523066999e+01
4.984970029921056067e+01
4.985403297238218556e+01
4.985833085143375598e+01
4.986258195041708774e+01
4.986677673976682001e+01
4.987093165101307335e+01
4.987504337387195363e+01
4.987912371681996149e+01
4.988318815953674346e+01
4.988718014600295447e+01
4.989113260627318880e+01
4.989504203433210705e+01
4.989891699814973691e+01
4.990275359431565505e+01
4.990656392560733678e+01
4.991032978917259300e+01
4.991406763057715779e+01
4.991775671881892151e+01
4.992138712068753392e+01
4.992500099794698798e+01
4.992859155348143929e+01
4.993213844915261745e+01
4.993565825052569807e+01
4.993912247204368526e+01
4.994256367936377927e+01
4.994596370300076416e+01
4.994935017326611870e+01
4.995267855432557980e+01
4.995598613548747124e+01
4.995922909266007395e+01
4.996247246289635058e+01
4.996566427342511929e+01
4.996883552669008566e+01
4.997195632203253979e+01
4.997507529282513872e+01
4.997813827122530483e+01
4.998119547763801762e+01
4.998421190816856807e+01
4.998720114550450688e+01
4.999014901899769825e+01
4.999308488568706821e+01
4.999598879913229865e+01
4.999886139020384235e+01
5.000170808086885899e+01
5.000452574517155568e+01
5.000730720194938073e+01
5.001006660147331218e+01
5.001279704992523989e+01
5.001549481984296364e+01
5.001816348393852962e+01
5.002081467882412369e+01
5.002343388660548840e+01
5.002602819288091496e+01
5.002860294442701417e+01
5.003115270738322806e+01
5.003365668642756248e+01
5.003615223789316246e+01
5.003861178796518061e+01
5.004105184573377585e+01
5.004347014929539483e+01
5.004584974123573460e+01
5.004823053118464316e+01
5.005057607497669636e+01
5.005290255422609391e+01
5.005520165048509540e+01
5.005748183279415997e+01
5.005974728576117627e+01
5.006197454467218932e+01
5.006417579484426028e+01
5.006636482341836825e+01
5.006853368490342859e+01
5.007067957829939076e+01
5.007280865726078645e+01
5.007490808533986382e+01
5.007698838134677999e+01
5.007904316300155045e+01
5.008107922199085493e+01
5.008308829508866467e+01
5.008509715336037260e+01
5.008706919748068032e+01
5.008904684564880938e+01
5.009097945322438505e+01
5.009290648149171687e+01
5.009481216027970873e+01
5.009669990504229276e+01
5.009855228453234588e+01
5.010039365978192194e+01
5.010221734756746059e+01
5.010401812485989836e+01
5.010580658899613127e+01
5.010757047376105078e+01
5.010932264979418704e+01
5.011105436866064622e+01
5.011277116356448147e+01
5.011447062128139862e+01
5.011615241425032963e+01
5.011781937969761458e+01
5.011946951127608685e+01
5.012110119075047265e+01
5.012271864565414603e+01
5.012432470595219058e+01
5.012590839612118288e+01
5.012748343278651930e+01
5.012903236093879400e+01
5.013057360552256370e+01
5.013209216457643436e+01
5.013360228836912569e+01
5.013509968704023834e+01
5.013657093803982434e+01
5.013803548189130055e+01
5.013948393932955838e+01
5.014091919610444137e+01
5.014233840555237975e+01
5.014373964786650362e+01
5.014513116872768705e+01
5.014650795217301038e+01
5.014787965027456806e+01
5.014922661819566940e+01
5.015056663168822126e+01
5.015188482043082985e+01
5.015319803733730453e+01
5.015449334851623320e+01
5.015577455705944487e+01
5.015704611470309260e+01
5.015830520714456497e+01
5.015955455907726446e+01
5.016078552827833903e+01
5.016201038250574840e+01
5.016321721616828455e+01
5.016441555292927745e+01
5.016560273132825643e+01
5.016677068717459065e+01
5.016793528033275607e+01
5.016908090870911252e+01
5.017022142075717994e+01
5.017135007936396107e+01
5.017246778426070364e+01
5.017356827030426558e+01
5.017466895298753826e+01
5.017575216895660617e+01
5.017682487252541534e+01
5.017788220607851457e+01
5.017893805493293513e+01
5.017997486466214951e+01
5.018100396838479327e+01
5.018201994287096568e+01
5.018303388600956794e+01
5.018402547002538228e+01
5.018501746533134877e+01
5.018599282215197377e+01
5.018697153531375932e+01
5.018793025007392572e+01
5.018888306233262142e+01
5.018981858319240530e+01
5.019075132331560951e+01
5.019166868567423734e+01
5.019258095840040568e+01
5.019348294038103120e+01
5.019438052789888616e+01
5.019526341565953231e+01
5.019613642839254197e+01
5.019700260975934469e+01
5.019786491419745289e+01
5.019871411232098524e+01
5.019955615837414342e+01
5.020038796002179282e+01
5.020121817400210773e+01
5.020203350405525100e+01
5.020284566834611439e+01
5.020364413620578858e+01
5.020443643279054413e+01
5.020522439692742012e+01
5.020600015406500205e+01
5.020676861263818580e+01
5.020753438524573653e+01
5.020829332489254426e+01
5.020904059252919183e+01
5.020977957912641898e+01
5.021051328567025962e+01
5.021123965515709386e+01
5.021195512441309461e+01
5.021266372134543587e+01
5.021336830727459244e+01
5.021405996647572323e+01
5.021474683241987691e+01
5.021543157639909793e+01
5.021610604921760768e+01
5.021677577112053115e+01
5.021743484804864011e+01
5.021809234983155079e+01
5.021873953637875587e+01
5.021938242167713895e+01
5.022001407467663370e+01
5.022064429169766697e+01
5.022126771098435682e+01
5.022188655188126916e+01
5.022249501518705017e+01
5.022309601143228264e+01
5.022369611511118137e+01
5.022428856828183541e+01
5.022487433875983953e+01
5.022545373189162632e+01
5.022603024625074397e+01
5.022660071252450820e+01
5.022716429766318669e+01
5.022772257971949728e+01
5.022827621238675277e+01
5.022882430873302440e+01
5.022936638596184622e+01
5.022990171049951158e+01
5.023043257843984577e+01
5.023095745889019526e+01
5.023147729730628441e+01
5.023198953200202510e+01
5.023250130559171112e+01
5.023300455063723291e+01
5.023350355774819320e+01
5.023399885296840495e+01
5.023448656709713589e+01
5.023497349959981051e+01
5.023545341624804195e+01
5.023592843928181395e+01
5.023639815106808726e+01
5.023686395256213189e+01
5.023732789112428776e+01
5.023778383345504750e+01
5.023823606963559030e+01
5.023868182720666198e+01
