5.283999999999999808e-01
1.269711999999879160e+00
2.018704419999939326e+00
2.748854417499905889e+00
3.479195563903064059e+00
4.192533200333010690e+00
4.896101315980343927e+00
5.600835925532845927e+00
6.277115512079070037e+00
6.950469075199283253e+00
7.629207822493377478e+00
8.302054520568745488e+00
8.960018010843622704e+00
9.616315983944579315e+00
1.027386968962942859e+01
1.091719333890115173e+01
1.155459462634269485e+01
1.218511613499392610e+01
1.282243429461334294e+01
1.344652207305869140e+01
1.405120067202445000e+01
1.466602704236470167e+01
1.526356248380721681e+01
1.585210683655724218e+01
1.645150069017915229e+01
1.704326718041004085e+01
1.761556324637242454e+01
1.818419467700390157e+01
1.874117751096027362e+01
1.929393542634675995e+01
1.984834085620124000e+01
2.039039181041935933e+01
2.093499703879096430e+01
2.146970628557674488e+01
2.200290542732173549e+01
2.253436016089392524e+01
2.306022178184316829e+01
2.358192790512037007e+01
2.408039752585636251e+01
2.459935743553474552e+01
2.510998357885107879e+01
2.561636442738740271e+01
2.610784657912963169e+01
2.660739596192196643e+01
2.708922614116510985e+01
2.756312070973412531e+01
2.802975703809251939e+01
2.848468116620524526e+01
2.893925362599507878e+01
2.939801933771236264e+01
2.985461741658099299e+01
3.031257917912497746e+01
3.075546581794242940e+01
3.118605729749355149e+01
3.162414054045580514e+01
3.205053594566372510e+01
3.247807860824298132e+01
3.290134584419661223e+01
3.332462323044369867e+01
3.374090442544224544e+01
3.415138133856393665e+01
3.456560791615571304e+01
3.497435155740848245e+01
3.536807110806405774e+01
3.576605276841831227e+01
3.615557968367445341e+01
3.653544179406271297e+01
3.693180271604789766e+01
3.731177983594897540e+01
3.768685754318529746e+01
3.805175157077466253e+01
3.841544610945305038e+01
3.878447604309462804e+01
3.913958866437502593e+01
3.949885066812274914e+01
3.984760242820182441e+01
4.020106617232320190e+01
4.055081079021634594e+01
4.089523152293975272e+01
4.123810663166673152e+01
4.157817952180585763e+01
4.191166173757580538e+01
4.224347587769500478e+01
4.256832433326819398e+01
4.289194478264884225e+01
4.320986060482028535e+01
4.352948474574681370e+01
4.384249225404856531e+01
4.415274134197174050e+01
4.445702619779413567e+01
4.476146558764290972e+01
4.506502428071895849e+01
4.536356399783199578e+01
4.565578027403326189e+01
4.595172259247109992e+01
4.623812376477602015e+01
4.652078451698587713e+01
4.680529639609561343e+01
4.708752335283492840e+01
4.735690836682662308e+01
4.762773569613457170e+01
4.790437049456917862e+01
4.817332409334127874e+01
4.844452489145026419e+01
4.870640342849463877e+01
4.896883082751036653e+01
4.922801365060598044e+01
4.948535521080589206e+01
4.973995447820368554e+01
4.999046961938572764e+01
5.024082994408284719e+01
5.048547498251020471e+01
5.073052869121579533e+01
5.097203977918130846e+01
5.121119935407952539e+01
5.144661365378419760e+01
5.168035946487104582e+01
5.191642683935378955e+01
5.215001135648122954e+01
5.237599819125662748e+01
5.260415598747575672e+01
5.282609026412026765e+01
5.304372189667567028e+01
5.325787001468079751e+01
5.347131456955290929e+01
5.368453222095727995e+01
5.390111397941031868e+01
5.411106524686208985e+01
5.431333671795132290e+01
5.451971163131263864e+01
5.472250657168719812e+01
5.492343439068782374e+01
5.512057497762565106e+01
5.531850264085996827e+01
5.551338467707020641e+01
5.570683286213201768e+01
5.589804067362974394e+01
5.608390430199530385e+01
5.627273114926684627e+01
5.645778995405260048e+01
5.664138995526894149e+01
5.682351758144240250e+01
5.700152000354984949e+01
5.717907291974326256e+01
5.735936646605564704e+01
5.753645989012782280e+01
5.770804769970222736e+01
5.787983676704612890e+01
5.804712878140377796e+01
5.821435843407041233e+01
5.838035869378448695e+01
5.854031420551432774e+01
5.870218628945292494e+01
5.885992562151336926e+01
5.902195878966291076e+01
5.917756998155778092e+01
5.933252157911912406e+01
5.949007245220079909e+01
5.964308483635684155e+01
5.979612480687975307e+01
5.994455011148379242e+01
6.009363252501263020e+01
6.024085116053032607e+01
6.038723889406855250e+01
6.053116234664446438e+01
6.067724628628422323e+01
6.082269903664627009e+01
6.096053710737324849e+01
6.109995367041586434e+01
6.123969585910067082e+01
6.137731611808541743e+01
6.151413398466840476e+01
6.164876706896217229e+01
6.178337192717425097e+01
6.191490823750222461e+01
6.204092628643071805e+01
6.216923112543184260e+01
6.229584774286708893e+01
6.241951014138501819e+01
6.254415311469919914e+01
6.266677976082252854e+01
6.278913694283595248e+01
6.291014211447613746e+01
6.302807760470211207e+01
6.314552609446763398e+01
6.326125487021263893e+01
6.337764617723151872e+01
6.349227812022428452e+01
6.360641370140743334e+01
6.371978203029264876e+01
6.383293517483637203e+01
6.394266883668609580e+01
6.405207470551923166e+01
6.415900656426811111e+01
6.426590794909000692e+01
6.437414944352421742e+01
6.448363776501277300e+01
6.458645273843767143e+01
6.468905976215830833e+01
6.479143918037060246e+01
6.489378625399460532e+01
6.499244379533202221e+01
6.508977334621030764e+01
6.518515459899572306e+01
6.527992953017414379e+01
6.537359107470146569e+01
6.546752694014490714e+01
6.556269632086778643e+01
6.565646894326023641e+01
6.574751690536930937e+01
6.583864797215153430e+01
6.592820796406086004e+01
6.601669421971561746e+01
6.610511860268303508e+01
6.619142496243702567e+01
6.627717938050774649e+01
6.636157431104243187e+01
6.644680805737040430e+01
6.653117828544725398e+01
6.661607736480790720e+01
6.669689475766099918e+01
6.677899777716199026e+01
6.685879761602849669e+01
6.693855438661161372e+01
6.701727148021326741e+01
6.709440938975825475e+01
6.717149811111960389e+01
6.724865348038510149e+01
6.732604846640482776e+01
6.740124799915037102e+01
6.747563607367874283e+01
6.755002593209377437e+01
6.762183608522349232e+01
6.769411092085337600e+01
6.776716716323575440e+01
6.783784350855823675e+01
6.790837292172643913e+01
6.797662671396889777e+01
6.804406079562481580e+01
6.811075716269355951e+01
6.817903624442057264e+01
6.824738676015742556e+01
6.831495714122659990e+01
6.837961677791609816e+01
6.844228670670017323e+01
6.850681030160140494e+01
6.856954104406504769e+01
6.863218748734720975e+01
6.869471196262328760e+01
6.875518652831814848e+01
6.881639381387229548e+01
6.887609827453614741e+01
6.893598425602066015e+01
6.899437475632217343e+01
6.905352062080093845e+01
6.911119624803190220e+01
6.916771512511299136e+01
6.922397102075970565e+01
6.928043475950190100e+01
6.933707434438309747e+01
6.939226783898587314e+01
6.944680053645781470e+01
6.950050051078429192e+01
6.955473755670413993e+01
6.960730552421991035e+01
6.965855306044466033e+01
6.971055805073181943e+01
6.976172868358379731e+01
6.981179233897090342e+01
6.986188440502665742e+01
6.991176063320887124e+01
6.996160411002014712e+01
7.001013691473661993e+01
7.005828088520078722e+01
7.010563772361963686e+01
7.015204812581553995e+01
7.019814422852019220e+01
7.024436023726855183e+01
7.029024867406582189e+01
7.033543596785021634e+01
7.037994354444093403e+01
7.042347774638713531e+01
7.046678816330312145e+01
7.050990400655533108e+01
7.055244470039890814e+01
7.059602541226162487e+01
7.063860016976255451e+01
7.068049210537695615e+01
7.072121267630268449e+01
7.076206830010065119e+01
7.080344262983432202e+01
7.084376438143617349e+01
7.088280067924726779e+01
7.092199907468724973e+01
7.096152952525909541e+01
7.100005100913296019e+01
7.103833533061786909e+01
7.107586785197152324e+01
7.111361548026225421e+01
7.115065373935010484e+01
7.118662033106241438e+01
7.122298464442496879e+01
7.125916796157927990e+01
7.129527970997783370e+01
7.133089372627968316e+01
7.136650604667602238e+01
7.139982767778367645e+01
7.143434735473255159e+01
7.146843133046306207e+01
7.150168166970729544e+01
7.153501641159172664e+01
7.156872033707291791e+01
7.160174816426766142e+01
7.163411004474929200e+01
7.166646783696158707e+01
7.169845143761499173e+01
7.172969346413280789e+01
7.176015594321317792e+01
7.179062073725994253e+01
7.182070795448004219e+01
7.185107590739640671e+01
7.188129504892002331e+01
7.191113730493515277e+01
7.194026469916185818e+01
7.196909311337454085e+01
7.199831222542266573e+01
7.202711075009491992e+01
7.205563998250497093e+01
7.208382470321731716e+01
7.211095076658628500e+01
7.213869069317277649e+01
7.216522666994424640e+01
7.219181727010298744e+01
7.221850802498846633e+01
7.224417919514992548e+01
7.226993173110760438e+01
7.229556335261295885e+01
7.232066816830733558e+01
7.234572946898730095e+01
7.237009278884470120e+01
7.239523277236807530e+01
7.241981930225500719e+01
7.244460047821044668e+01
7.246826162989908937e+01
7.249169877576957788e+01
7.251518546203743654e+01
7.253831064427548370e+01
7.256143696933683884e+01
7.258381437207408737e+01
7.260611784946303260e+01
7.262851576148987931e+01
7.265104804912046177e+01
7.267315145664241527e+01
7.269498776799481732e+01
7.271652591365645435e+01
7.273769631194026886e+01
7.275819130595375839e+01
7.277890999345564182e+01
7.279970348614888564e+01
7.282014268181919192e+01
7.284033723595695164e+01
7.286044672932290212e+01
7.288008950711564182e+01
7.289928591073807240e+01
7.291857646083499844e+01
7.293772258956380483e+01
7.295652315401775923e+01
7.297507068641915851e+01
7.299389575653199813e+01
7.301207909552965702e+01
7.303034268830428744e+01
7.304841403528814681e+01
7.306639029267975616e+01
7.308418443284102750e+01
7.310152789172316545e+01
7.311932102173683745e+01
7.313635361660135459e+01
7.315326338486667623e+01
7.316998166289896233e+01
7.318609603624327065e+01
7.320271206339698722e+01
7.321886643669897410e+01
7.323483345403523970e+01
7.325071746353096103e+01
7.326661761470630552e+01
7.328229197614552959e+01
7.329783438909896631e+01
7.331340139055419058e+01
7.332861223292690056e+01
7.334368700600074931e+01
7.335847010757788667e+01
7.337304446334472630e+01
7.338767928195758827e+01
7.340191353490502024e+01
7.341584528831100442e+01
7.342962073609962204e+01
7.344364151068370461e+01
7.345755537756186015e+01
7.347123303615371981e+01
7.348479023684420497e+01
7.349831238862644511e+01
7.351185925832031387e+01
7.352496101658124417e+01
7.353810593129861672e+01
7.355125734270802695e+01
7.356427211876372496e+01
7.357673424481934887e+01
7.358920894454165307e+01
7.360138332122240001e+01
7.361362781237430397e+01
7.362578395034793743e+01
7.363800817438264801e+01
7.364986989858397237e+01
7.366137515052687945e+01
7.367315833054315988e+01
7.368489160826224804e+01
7.369622785347760896e+01
7.370732060708886024e+01
7.371861401682582482e+01
7.373003474144445590e+01
7.374094631618942230e+01
7.375202784840111292e+01
7.376301583294602437e+01
7.377353636767685430e+01
7.378438608046573677e+01
7.379468189799931110e+01
7.380534058236459316e+01
7.381554098891714943e+01
7.382581009152694662e+01
7.383571898978271975e+01
7.384553411026860203e+01
7.385546534713479616e+01
7.386485219973593530e+01
7.387437837806029961e+01
7.388401464726062784e+01
7.389352298558047494e+01
7.390291873911364462e+01
7.391207821119694188e+01
7.392120489927660287e+01
7.393007414344383221e+01
7.393918972989773408e+01
7.394807982236871169e+01
7.395682216668623710e+01
7.396535590934669813e+01
7.397399118536792173e+01
7.398251612687830914e+01
7.399114914614654026e+01
7.399953801919801322e+01
7.400790837964660795e+01
7.401589446143405837e+01
7.402397553152160015e+01
7.403212093739603006e+01
7.404011996035042387e+01
7.404793888554135606e+01
7.405575994987201227e+01
7.406357096793820460e+01
7.407124252788308638e+01
7.407871286658368604e+01
7.408620971587640724e+01
7.409365838330700171e+01
7.410111801341324167e+01
7.410836400049949191e+01
7.411560106136951731e+01
7.412265234405717251e+01
7.412982463929715493e+01
7.413679257790057875e+01
7.414361593644852633e+01
7.415031979606365553e+01
7.415727925920748476e+01
7.416406953462121976e+01
7.417069153358760047e+01
7.417737394330589495e+01
7.418392162319146621e+01
7.419056155040631495e+01
7.419695930644311943e+01
7.420352454068249415e+01
7.420982341495462720e+01
7.421591607050605433e+01
7.422213385772805339e+01
7.422829839295405918e+01
7.423423901038452755e+01
7.424012896989277976e+01
7.424615765281922108e+01
7.425203796889013574e+01
7.425771903703018495e+01
7.426344642879401192e+01
7.426909915132100082e+01
7.427476872461798507e+01
7.428027041205595538e+01
7.428578386340950601e+01
7.429106563679226838e+01
7.429644923143273161e+01
7.430188295068346349e+01
7.430717703524091178e+01
7.431246772904654563e+01
7.431766406132851444e+01
7.432265453013965839e+01
7.432773458935653821e+01
7.433273233969666194e+01
7.433762303560968121e+01
7.434259754832095268e+01
7.434739482225245411e+01
7.435228000175636964e+01
7.435704173806804818e+01
7.436175775049045455e+01
7.436641098162856167e+01
7.437108510763006564e+01
7.437570391860460006e+01
7.438031534389037347e+01
7.438477621578101662e+01
7.438924893010985784e+01
7.439376692420901804e+01
7.439809530374361657e+01
7.440237059772994144e+01
7.440665565310827390e+01
7.441086112644190109e+01
7.441508496552066276e+01
7.441925770453855193e+01
7.442343258143431228e+01
7.442745062903023268e+01
7.443148546101295437e+01
7.443544376661360218e+01
7.443940304583034617e+01
7.444323043685777463e+01
7.444702316757494032e+01
7.445087405143074477e+01
7.445472083142523445e+01
7.445847604864536606e+01
7.446217933296877334e+01
7.446582840196411723e+01
7.446949152623245993e+01
7.447308337583253035e+01
7.447668455991106384e+01
7.448019644319887789e+01
7.448361671665058736e+01
7.448707858802308124e+01
7.449050629825852354e+01
7.449391966345130811e+01
7.449729799804995878e+01
7.450068605999172178e+01
7.450400639621319954e+01
7.450724870848911507e+01
7.451041164046725385e+01
7.451360521092517786e+01
7.451679344597043553e+01
7.451992221036337583e+01
7.452302217005906471e+01
7.452606900709724869e+01
7.452903346031560261e+01
7.453212607168650550e+01
7.453505021564293997e+01
7.453796085988035713e+01
7.454087317667641344e+01
7.454376485595734891e+01
7.454661845394014108e+01
7.454949039238952935e+01
7.455232762336670760e+01
7.455509646663556111e+01
7.455781194492477937e+01
7.456048174830428366e+01
7.456317877990102261e+01
7.456587411102341889e+01
7.456847025623849845e+01
7.457107602072137809e+01
7.457368059220337386e+01
7.457621945886297965e+01
7.457877287631245622e+01
7.458122167946412162e+01
7.458367220160293698e+01
7.458606570523052426e+01
7.458849932500271507e+01
7.459088221428882548e+01
7.459330787519820660e+01
7.459569066640702317e+01
7.459802870417183840e+01
7.460030780377141468e+01
7.460260788555734734e+01
7.460490860404479463e+01
7.460716111411501572e+01
7.460931357829701938e+01
7.461156507602849786e+01
7.461372535825593388e+01
7.461584242319504767e+01
7.461802391077129926e+01
7.462008105127372914e+01
7.462221017898286846e+01
7.462425849547341272e+01
7.462634388319855816e+01
7.462836364794590338e+01
7.463038443559877066e+01
7.463235336988972790e+01
7.463430919656721585e+01
7.463624755006931366e+01
7.463822483484233317e+01
7.464014709469330455e+01
7.464204026902807243e+01
7.464392702993801265e+01
7.464577137628286607e+01
7.464762279910705445e+01
7.464949044672646039e+01
7.465125981206224992e+01
7.465304672194058355e+01
7.465479784838287003e+01
7.465656133336123901e+01
7.465829054974447843e+01
7.466005736532167703e+01
7.466175103816495096e+01
7.466343920657149624e+01
7.466508386277905629e+01
7.466673272438852393e+01
7.466833551673904878e+01
7.466997977419136134e+01
7.467155301591441230e+01
7.467313057445900881e+01
7.467468086603868471e+01
7.467622475587464237e+01
7.467775115904927929e+01
7.467928581471181815e+01
7.468076699056408074e+01
7.468225064106385958e+01
7.468375466567937337e+01
7.468519574393380367e+01
7.468665692133525624e+01
7.468810654080202482e+01
7.468952031200942088e+01
7.469094931498659662e+01
7.469232939626409973e+01
7.469370301049441707e+01
7.469505381304801972e+01
7.469638266188366060e+01
7.469772241644422195e+01
7.469904366598952095e+01
7.470034995945525225e+01
7.470166839175512052e+01
7.470297859550568376e+01
7.470422392819158119e+01
7.470546585190456312e+01
7.470669684869845639e+01
7.470795082885223337e+01
7.470914952816384869e+01
7.471036503949331120e+01
7.471158273085919177e+01
7.471278698381867400e+01
7.471395203114586536e+01
7.471511377362884332e+01
7.471625150542786287e+01
7.471735650219214619e+01
7.471848628905473788e+01
7.471962674995931764e+01
7.472071847479158180e+01
7.472181281429658384e+01
7.472288900793172672e+01
7.472394845005423747e+01
7.472500407453379978e+01
7.472604341215516399e+01
7.472709546474963815e+01
7.472813480498510330e+01
7.472916266685994913e+01
7.473017004608813352e+01
7.473116376265983263e+01
7.473216135919271608e+01
7.473314402928100719e+01
7.473414266726976507e+01
7.473509480146178419e+01
7.473606370685183720e+01
7.473700915752637286e+01
7.473793982638322575e+01
7.473885542390523540e+01
7.473977765077005131e+01
7.474069666593011618e+01
7.474157947585982242e+01
7.474246076247206361e+01
7.474333008691500879e+01
7.474420261198319793e+01
7.474505109295823502e+01
7.474590251995211077e+01
7.474674464836294874e+01
7.474756837230191309e+01
7.474840000181615096e+01
7.474922005352777887e+01
7.475001522211128702e+01
7.475081096328538877e+01
7.475160792449601388e+01
7.475240046681807371e+01
7.475319180398253138e+01
7.475395291442508494e+01
7.475474025840749448e+01
7.475549003483476440e+01
7.475622903610941705e+01
7.475697814862189716e+01
7.475769582475980712e+01
7.475840979327655589e+01
7.475910994401171195e+01
7.475981688255501467e+01
7.476050543786352875e+01
7.476120636173422440e+01
7.476189404469728572e+01
7.476257240123517533e+01
7.476324963277386360e+01
7.476391520137943303e+01
