4.969999999999999973e-01
1.487296999999835112e+00
2.344982509999921749e+00
3.311691403699934089e+00
4.131656157835938536e+00
4.976135322147145601e+00
5.789197579169895747e+00
6.612118074837042059e+00
7.410845882333851442e+00
8.192633942730255470e+00
8.994549528640568781e+00
9.773046140718495423e+00
1.053737581559932579e+01
1.131108610157757255e+01
1.208817923109948822e+01
1.284305244896801490e+01
1.359071751776649073e+01
1.431244547994179861e+01
1.504923767992602457e+01
1.578006644457106944e+01
1.649802515439383299e+01
1.719536279450604610e+01
1.789855314764964689e+01
1.858979118870323077e+01
1.927505966311539964e+01
1.994608614986905337e+01
2.062511019584000138e+01
2.127843790203550967e+01
2.191828891372669830e+01
2.255689690275182002e+01
2.320679765081089130e+01
2.382632630153838704e+01
2.443385982307109927e+01
2.504737588233619050e+01
2.565873587908119546e+01
2.627467468082295454e+01
2.687268471116196622e+01
2.746664509863830261e+01
2.804995625553412708e+01
2.862439352014045113e+01
2.918057664021515407e+01
2.975119884672692194e+01
3.030923040935748602e+01
3.085966943821406616e+01
3.141674943606129844e+01
3.195591663550030148e+01
3.249032198657621962e+01
3.300915746766543890e+01
3.354231096239735166e+01
3.406884957597863917e+01
3.457989820088970134e+01
3.508487800994134176e+01
3.558854370951473811e+01
3.607507979438464218e+01
3.656808326348087945e+01
3.705103604061154954e+01
3.752984281141396394e+01
3.801074115783172402e+01
3.848465328284498810e+01
3.894669666975270417e+01
3.940504978908358424e+01
3.985849436617539965e+01
4.030579569282069485e+01
4.075504796326935519e+01
4.120595718991741307e+01
4.164491645482516446e+01
4.208113456585971335e+01
4.250477972526917370e+01
4.293004510939456253e+01
4.334960831229190603e+01
4.376552020568581725e+01
4.417541139710853315e+01
4.458275564900183241e+01
4.498593043008474979e+01
4.537846623677337732e+01
4.576670021608117622e+01
4.615822641953383965e+01
4.654523777239442239e+01
4.692098193381300320e+01
4.729455080639316833e+01
4.766608457846000135e+01
4.802251667967812665e+01
4.838459542742222652e+01
4.874383500407716951e+01
4.910253439696138855e+01
4.945356113073235349e+01
4.980562800676500501e+01
5.015000300523782784e+01
5.048725900165297986e+01
5.082183743239998819e+01
5.116023383475661745e+01
5.149296237056756098e+01
5.182248262436215924e+01
5.214902184444202504e+01
5.247225679392871456e+01
5.278968059019249637e+01
5.310053882914201751e+01
5.341172133918895781e+01
5.372158465268192629e+01
5.402302522625797110e+01
5.432884524739146315e+01
5.462751226451212005e+01
5.491802663597508882e+01
5.521455040017231397e+01
5.550877698421984974e+01
5.579765945993736409e+01
5.607934545860568676e+01
5.635879457959170935e+01
5.663126105479688732e+01
5.689799347353788050e+01
5.716917577949046603e+01
5.743977646030677420e+01
5.770634090764256996e+01
5.797152451480361890e+01
5.823380189464144507e+01
5.848942694326435543e+01
5.874854196638129622e+01
5.899673513855991303e+01
5.924375985282801338e+01
5.948861672438943060e+01
5.973347994644377934e+01
5.997352344357819476e+01
6.021533310838715636e+01
6.045036734913342258e+01
6.068308000583298423e+01
6.091756532790070366e+01
6.114869109824409321e+01
6.137292932063056838e+01
6.159917943647639760e+01
6.182223718805033741e+01
6.204263115529300165e+01
6.225403960092526745e+01
6.247057846071947296e+01
6.267914598373764079e+01
6.289236404497503230e+01
6.310267747177940123e+01
6.331374275363618409e+01
6.351712021201979042e+01
6.372143695679159947e+01
6.392363633250997879e+01
6.412273630715534978e+01
6.431538481576646404e+01
6.451006671520542568e+01
6.470166135138700270e+01
6.489115186790262158e+01
6.508028438470907417e+01
6.526708755829233155e+01
6.545092719393142033e+01
6.563367406212778121e+01
6.581318422299563053e+01
6.599038994314385320e+01
6.616637169926437423e+01
6.634170056679661798e+01
6.651390094918839679e+01
6.668386878606838764e+01
6.685272662022894963e+01
6.702116768006433745e+01
6.718747023271966157e+01
6.735296800238792514e+01
6.751496986411268608e+01
6.767961760789219738e+01
6.783839563256927363e+01
6.799503626075895113e+01
6.815172341003831491e+01
6.830642044013652026e+01
6.845688499335108190e+01
6.860414788942659925e+01
6.875421292877835810e+01
6.890140976396324390e+01
6.905099501333297951e+01
6.919703767563858321e+01
6.933751358216635197e+01
6.947543083320503854e+01
6.961435907503378928e+01
6.975250699884423966e+01
6.989025526801843569e+01
7.002703532033483214e+01
7.016195798787430249e+01
7.029267343844938409e+01
7.042183354062500200e+01
7.054966928018554029e+01
7.068029712658933761e+01
7.081209113667208044e+01
7.093899099569757993e+01
7.106720244995857172e+01
7.119280766180843045e+01
7.131684837763619100e+01
7.143726688248256096e+01
7.155599751288804100e+01
7.167389997636323073e+01
7.179324558155374802e+01
7.191038575225552165e+01
7.202538170197803424e+01
7.214259132373329919e+01
7.225663654444187500e+01
7.236934407476533693e+01
7.248014346660043827e+01
7.259191988479506108e+01
7.270400021885893693e+01
7.281089975943461923e+01
7.291505555866928034e+01
7.302230816410829561e+01
7.312775288800908413e+01
7.323115516205251652e+01
7.333435996557236081e+01
7.343569179302809857e+01
7.353445878999640684e+01
7.363446094205360737e+01
7.373531750810188612e+01
7.383113878721917445e+01
7.392579586655708113e+01
7.402161762055825989e+01
7.411814376281613193e+01
7.421247015884647169e+01
7.430686592116691713e+01
7.439796702695376496e+01
7.448815712168295988e+01
7.457676769193521693e+01
7.466325108898953999e+01
7.475248920865165303e+01
7.483923503669562649e+01
7.492432145080036321e+01
7.500937325752829565e+01
7.509418061683523149e+01
7.517842411778492817e+01
7.526055379424025205e+01
7.534274943705095495e+01
7.542384734967605198e+01
7.550431629385509780e+01
7.558524188260844312e+01
7.566372298601744717e+01
7.574171361969460747e+01
7.581829298494228908e+01
7.589482776631301419e+01
7.596827432742495034e+01
7.604267345663862443e+01
7.611694440898935454e+01
7.619069434501147953e+01
7.626307578741820237e+01
7.633295894981854701e+01
7.640261831227424238e+01
7.647266361556191328e+01
7.654177128429151367e+01
7.660935299736692627e+01
7.667938421054607545e+01
7.674614098667103690e+01
7.681185046899013003e+01
7.687742915678383326e+01
7.694255054809718786e+01
7.700707803959944897e+01
7.706987407207066099e+01
7.713215449132029278e+01
7.719457478271297646e+01
7.725636300609302509e+01
7.731753334723859439e+01
7.737854679144287218e+01
7.743725590856247720e+01
7.749684364009139870e+01
7.755559614609470032e+01
7.761416839297689307e+01
7.767183969355386353e+01
7.772778759943727778e+01
7.778380829783571926e+01
7.783866417955756845e+01
7.789424609082406903e+01
7.794710404479756960e+01
7.800117267039885860e+01
7.805511740886375094e+01
7.810917885108220560e+01
7.816211036045415028e+01
7.821389598033094614e+01
7.826455333535227510e+01
7.831599719864566111e+01
7.836770500658118976e+01
7.841852635819272166e+01
7.846633644919228345e+01
7.851554723778032496e+01
7.856487150330158897e+01
7.861305405605683916e+01
7.866004617674732913e+01
7.870728788440655421e+01
7.875423525326340268e+01
7.879944968308073783e+01
7.884503228082445503e+01
7.888966948327377793e+01
7.893457877106999376e+01
7.897814140745749967e+01
7.902239172045055682e+01
7.906580117690251086e+01
7.910896824636890301e+01
7.915153012239458974e+01
7.919370395818036457e+01
7.923491927329540374e+01
7.927613809609823647e+01
7.931678325432847032e+01
7.935690335399898743e+01
7.939649462125082380e+01
7.943501271244900863e+01
7.947341582049926956e+01
7.951279219089956030e+01
7.955087734923596088e+01
7.958815441171894633e+01
7.962542880392555844e+01
7.966209728899079323e+01
7.969864405333854052e+01
7.973373403482942479e+01
7.976929957791109871e+01
7.980549221589895126e+01
7.984136817973146094e+01
7.987581915100487606e+01
7.991001431597626947e+01
7.994338453922517829e+01
7.997714264741121326e+01
8.001072240185227713e+01
8.004361700536395574e+01
8.007631341473529574e+01
8.010879142626444605e+01
8.013972930025508390e+01
8.017111900610433395e+01
8.020229205340953627e+01
8.023272418374584447e+01
8.026313790318450003e+01
8.029319244767596331e+01
8.032343683310297422e+01
8.035357527950381495e+01
8.038327120473806531e+01
8.041248135269788122e+01
8.044150407988988150e+01
8.046987386114489027e+01
8.049835201385354821e+01
8.052623704271063332e+01
8.055410897608776111e+01
8.058205417160129969e+01
8.060947704794560309e+01
8.063625632617096528e+01
8.066331632510633654e+01
8.068971979823921004e+01
8.071615001295688785e+01
8.074267408756452369e+01
8.076815748387929261e+01
8.079319576578576800e+01
8.081871119231014688e+01
8.084354381484865826e+01
8.086779068588491270e+01
8.089202829364268155e+01
8.091628247789402906e+01
8.094040531391333104e+01
8.096387105747017188e+01
8.098703857142415075e+01
8.101022016207299714e+01
8.103341619813366492e+01
8.105631565249031212e+01
8.107898611230336883e+01
8.110124561914285835e+01
8.112342503551678874e+01
8.114513435770766137e+01
8.116654278541903977e+01
8.118814364874988598e+01
8.120952302787391375e+01
8.123066692993246818e+01
8.125161549280153395e+01
8.127230144060054329e+01
8.129310137761520139e+01
8.131315436835186006e+01
8.133262792607297342e+01
8.135204454522435924e+01
8.137164593995656503e+01
8.139113635527594681e+01
8.141024121401440539e+01
8.142910109676520847e+01
8.144783304901467602e+01
8.146624074119624481e+01
8.148477831067404509e+01
8.150284559100430215e+01
8.152036854536153498e+01
8.153823090934371010e+01
8.155614540650502420e+01
8.157337183709748274e+01
8.159102612373078500e+01
8.160789644717999636e+01
8.162490093514520595e+01
8.164115308205870747e+01
8.165730938910610348e+01
8.167386845303327902e+01
8.169032095631781942e+01
8.170618524677074390e+01
8.172195908092201933e+01
8.173762836228198125e+01
8.175318955423912826e+01
8.176858310493253157e+01
8.178370759929562439e+01
8.179850006932568363e+01
8.181334887571557601e+01
8.182796445488177994e+01
8.184255208938409965e+01
8.185696930919952763e+01
8.187145725606713142e+01
8.188578922345276112e+01
8.189984417150219542e+01
8.191380752612543859e+01
8.192783588350984303e+01
8.194164576471013106e+01
8.195504836903864998e+01
8.196819502549648462e+01
8.198141023685626294e+01
8.199431746688770772e+01
8.200742348635600365e+01
8.202005211209433355e+01
8.203263395770876798e+01
8.204532611808279796e+01
8.205808616675659550e+01
8.207043414378243540e+01
8.208260613441238718e+01
8.209498089608534599e+01
8.210683425120804202e+01
8.211851658180046343e+01
8.213022117474318406e+01
8.214169221077202110e+01
8.215303954845005308e+01
8.216434014857907187e+01
8.217559674755300136e+01
8.218664775613143547e+01
8.219770912821083186e+01
8.220867270780333058e+01
8.221938984903334813e+01
8.223015619687656397e+01
8.224074576774005152e+01
8.225125133805171629e+01
8.226159630738268902e+01
8.227193171208760702e+01
8.228219430221616904e+01
8.229212816813317488e+01
8.230219694375698225e+01
8.231224104521949414e+01
8.232200996458465170e+01
8.233175569568081187e+01
8.234141272016820778e+01
8.235087911686696316e+01
8.236039910161323974e+01
8.236959342201662082e+01
8.237883629765028104e+01
8.238798912219333204e+01
8.239684209930067027e+01
8.240566946609452259e+01
8.241442124797733015e+01
8.242317344512876787e+01
8.243172845518634517e+01
8.244024492417244687e+01
8.244874714494524426e+01
8.245710510609143284e+01
8.246540120801303431e+01
8.247363907757623736e+01
8.248184353119269474e+01
8.249000703704886917e+01
8.249798354203441875e+01
8.250588544593801998e+01
8.251361119656368714e+01
8.252142569720966492e+01
8.252911294903789496e+01
8.253669257332737175e+01
8.254423568843132841e+01
8.255175782424741726e+01
8.255923746816360165e+01
8.256669949593005242e+01
8.257386235642206884e+01
8.258087139278703148e+01
8.258786212196724819e+01
8.259493948625591031e+01
8.260187719824527619e+01
8.260886665985620425e+01
8.261574003718723702e+01
8.262238023665797471e+01
8.262913772785270794e+01
8.263575179865277676e+01
8.264223488085734459e+01
8.264869790288094009e+01
8.265501601163357748e+01
8.266123119918992757e+01
8.266760061976690110e+01
8.267376921220983377e+01
8.267994359835878981e+01
8.268606339830654406e+01
8.269217239018711041e+01
8.269820236435523952e+01
8.270410567476993435e+01
8.271000954078988343e+01
8.271583772914792121e+01
8.272163309329530989e+01
8.272736457366062268e+01
8.273284059841719795e+01
8.273833160849004287e+01
8.274378281273567382e+01
8.274919232199340513e+01
8.275448993124133779e+01
8.275972688762141161e+01
8.276498678360077577e+01
8.277029120871439716e+01
8.277550466858039613e+01
8.278061839622507989e+01
8.278572279875858442e+01
8.279067037248901784e+01
8.279556521809413994e+01
8.280044782170537587e+01
8.280534407754630877e+01
8.281015223903334288e+01
8.281484920941969108e+01
8.281961488791586135e+01
8.282434087098225461e+01
8.282897169747923272e+01
8.283354721233655482e+01
8.283813104631192914e+01
8.284264551072922700e+01
8.284711366570603275e+01
8.285157519299698947e+01
8.285590077574147472e+01
8.286009155647722935e+01
8.286437637548449686e+01
8.286859785368943676e+01
8.287287636228140286e+01
8.287695846413512868e+01
8.288100081977863454e+01
8.288506180723180705e+01
8.288904952878941401e+01
8.289299268014512734e+01
8.289683600125371754e+01
8.290074463559119522e+01
8.290463138607330507e+01
8.290850932281016128e+01
8.291230732155675298e+01
8.291597848231897672e+01
8.291966979568159957e+01
8.292328522205779961e+01
8.292704502972117098e+01
8.293074743279446182e+01
8.293429049247619389e+01
8.293778102019373932e+01
8.294131443074472543e+01
8.294473685596523183e+01
8.294820892107317434e+01
8.295152594515445799e+01
8.295490957610930138e+01
8.295824501076238278e+01
8.296152081228234465e+01
8.296481674076758850e+01
8.296803790950930590e+01
8.297122603055315437e+01
8.297435495796686666e+01
8.297745710265635921e+01
8.298060772142872565e+01
8.298363287516342268e+01
8.298660313123242815e+01
8.298954919434282829e+01
8.299249735503723002e+01
8.299538710576112521e+01
8.299831172866322504e+01
8.300117308210923284e+01
8.300404100203765267e+01
8.300680836325486212e+01
8.300959720310721934e+01
8.301238175864476432e+01
8.301512444780141209e+01
8.301782298214362754e+01
8.302049135995430618e+01
8.302309014782575503e+01
8.302574479393842921e+01
8.302840058658750877e+01
8.303095840414680140e+01
8.303350739779367018e+01
8.303601199264247157e+01
8.303855229870174526e+01
8.304101778149890833e+01
8.304341290228428818e+01
8.304578247854861672e+01
8.304823751379061036e+01
8.305062177511793209e+01
8.305295127401707589e+01
8.305525533518346037e+01
8.305756362979794005e+01
8.305985844193597245e+01
8.306208278363020270e+01
8.306431663869923909e+01
8.306655551898660406e+01
8.306875961817736709e+01
8.307089745317752261e+01
8.307304102578112293e+01
8.307517742395511107e+01
8.307725231679162903e+01
8.307933222314547095e+01
8.308138644653354277e+01
8.308339702683177563e+01
8.308544281444667945e+01
8.308747577899087844e+01
8.308946652042510550e+01
8.309139864992823732e+01
8.309340980631486673e+01
8.309534951338787323e+01
8.309727082485569838e+01
8.309917391466018444e+01
8.310101429520143768e+01
8.310284647500714073e+01
8.310461608084376905e+01
8.310640537168072228e+01
8.310816050527775189e+01
8.310996996174502272e+01
8.311169709891017021e+01
8.311341885783107841e+01
8.311514219259174752e+01
8.311684044831443430e+01
8.311854679854783967e+01
8.312022949422710383e+01
8.312190645569005198e+01
8.312355329709828311e+01
8.312516789503966663e+01
8.312676740222508442e+01
8.312839729772537112e+01
8.312998276337350489e+01
8.313156527527723938e+01
8.313311473012934982e+01
8.313463664835242639e+01
8.313615566644166677e+01
8.313762998824290662e+01
8.313911780417008401e+01
8.314057686084991872e+01
8.314203220626555435e+01
8.314342311375810368e+01
8.314481526458349947e+01
8.314622756998116415e+01
8.314760411771757731e+01
8.314898505104562787e+01
8.315037589485739034e+01
8.315176848531066867e+01
8.315312636774091004e+01
8.315448653796531175e+01
8.315581498192742060e+01
8.315713338833614898e+01
8.315838328887758735e+01
8.315964748849789601e+01
8.316090070425319425e+01
8.316214992391198280e+01
8.316337170013513003e+01
8.316460490918099424e+01
8.316582514901816126e+01
8.316699754927358867e+01
8.316819428688749838e+01
8.316937256608021301e+01
8.317054900768913228e+01
8.317169278158421264e+01
8.317284326271156658e+01
8.317396783851789621e+01
8.317508263831004456e+01
8.317620462367386835e+01
8.317729248531726682e+01
8.317836305093953797e+01
8.317943124069661565e+01
8.318048930764039994e+01
8.318153499506101411e+01
8.318258104778684014e+01
8.318360904528216793e+01
8.318462327194977490e+01
8.318563028061127795e+01
8.318665143205446100e+01
8.318762159566962566e+01
8.318857986510741398e+01
8.318955842973754500e+01
8.319052468059196315e+01
8.319147976723000681e+01
8.319241130332343914e+01
8.319334039257024926e+01
8.319427828332862873e+01
8.319521004088312566e+01
8.319611451047899209e+01
8.319699073087177510e+01
8.319788618287034865e+01
8.319877995524024072e+01
8.319963769611271687e+01
8.320049127346145212e+01
8.320133956433346611e+01
8.320218181263186352e+01
8.320301102621490941e+01
8.320384640701226431e+01
8.320465395301712874e+01
8.320546216094415115e+01
8.320626787765208121e+01
8.320706334409968008e+01
8.320782966119726609e+01
8.320861247086115497e+01
8.320937762329512566e+01
8.321013592674850656e+01
8.321089022249967115e+01
8.321162724145133893e+01
8.321237324306812866e+01
8.321311178466827130e+01
8.321382490999084780e+01
8.321453619311336070e+01
8.321523905436390578e+01
8.321593757147020654e+01
8.321662415472735574e+01
8.321732873101086625e+01
8.321800946547169531e+01
8.321867867981030997e+01
