4.977500000000000258e-01
9.905224999999382440e-01
1.479788420000025972e+00
1.962754747249898069e+00
2.440074904619083718e+00
2.913620399966755592e+00
3.383089476465740209e+00
3.848283291605774092e+00
4.308133110074050087e+00
4.766033630375106966e+00
5.215556740758166221e+00
5.660853221513587386e+00
6.105419553922890152e+00
6.543302544399712595e+00
6.976763267680683889e+00
7.405631366222805489e+00
7.829316753119299754e+00
8.250240436736046235e+00
8.668123202781742975e+00
9.079885644901388275e+00
9.487203299825283764e+00
9.890974101313911859e+00
1.028994564572698245e+01
1.068722895611825230e+01
1.107885022540484776e+01
1.146698308374509345e+01
1.185242818037789903e+01
1.223184614930806546e+01
1.261162089462837699e+01
1.298617826551653032e+01
1.335547367693115106e+01
1.372250412580245182e+01
1.408361683114334006e+01
1.444097486332294622e+01
1.479451062155178498e+01
1.514665653766967068e+01
1.549486314669371367e+01
1.584003583153477024e+01
1.618049406352497854e+01
1.651805450998300273e+01
1.685394522996206490e+01
1.718505313635186127e+01
1.751173534300221846e+01
1.783605947126790880e+01
1.815633709374635529e+01
1.847500240371523716e+01
1.879007167522394894e+01
1.910177202013105102e+01
1.941054054863091949e+01
1.971502971322660969e+01
2.001683698981855741e+01
2.031535666344077384e+01
2.061222531483339537e+01
2.090694713120426584e+01
2.119584495566290627e+01
2.148340725970144405e+01
2.176644209721250078e+01
2.204819732562102175e+01
2.232772118119135740e+01
2.260254304021123062e+01
2.287543741560439159e+01
2.314692997567878407e+01
2.341415243229853260e+01
2.367907429823267762e+01
2.394181998234786590e+01
2.420243253311573284e+01
2.445876476274802869e+01
2.471380863444568732e+01
2.496647877749206046e+01
2.521532264282742375e+01
2.546261826296058217e+01
2.570658361891559807e+01
2.594815782045195363e+01
2.618810851337196155e+01
2.642480408728779295e+01
2.666059152405304999e+01
2.689294956067100983e+01
2.712335299449425108e+01
2.735129258056922197e+01
2.757690756641613561e+01
2.779968462222762327e+01
2.802078771745919994e+01
2.823983329786111085e+01
2.845729634631911864e+01
2.867069325263237189e+01
2.888393518395776738e+01
2.909466549516570666e+01
2.930406017689474396e+01
2.951036983259197299e+01
2.971345125423754752e+01
2.991535179880688489e+01
3.011515320100206949e+01
3.031303592473672381e+01
3.050954852332415612e+01
3.070359057683748105e+01
3.089588465785144322e+01
3.108604622214186364e+01
3.127423072346050148e+01
3.146148571367944768e+01
3.164646145139644062e+01
3.182902008160538898e+01
3.201035103934128045e+01
3.218949200179004322e+01
3.236748084408020532e+01
3.254270529216854158e+01
3.271654299354550233e+01
3.288783247928027720e+01
3.305856903476349373e+01
3.322670317553045294e+01
3.339395847934781614e+01
3.355919364538426919e+01
3.372326804389407329e+01
3.388500414053082466e+01
3.404521923652312410e+01
3.420362548866625474e+01
3.436101433479730360e+01
3.451689162468342431e+01
3.467088616997801154e+01
3.482306585669241628e+01
3.497342134211061904e+01
3.512279718835588227e+01
3.527100530138289258e+01
3.541667501148676678e+01
3.556174496554253039e+01
3.570509101563360588e+01
3.584754454998932260e+01
3.598822122313502803e+01
3.612802130951617130e+01
3.626587089169910172e+01
3.640156253397559283e+01
3.653691258830686905e+01
3.667070810705621398e+01
3.680319220724093299e+01
3.693399680443337729e+01
3.706433863340177481e+01
3.719278482948770659e+01
3.732049461959839931e+01
3.744630902818168039e+01
3.757091526008765214e+01
3.769390442165058630e+01
3.781669212585001816e+01
3.793774287805145207e+01
3.805697114190760999e+01
3.817550606749514941e+01
3.829366714119168336e+01
3.840997129721070280e+01
3.852526225995215725e+01
3.863892102910055115e+01
3.875174824056556844e+01
3.886327941341104264e+01
3.897397208926474832e+01
3.908310840195579061e+01
3.919182619069891871e+01
3.929864027865081511e+01
3.940503503912367478e+01
3.950956557789326951e+01
3.961465620322779557e+01
3.971683825447860983e+01
3.981908150556535730e+01
3.991965496405253333e+01
4.001947303423880697e+01
4.011807482204157083e+01
4.021636779768414272e+01
4.031338635067904619e+01
4.040926157135823615e+01
4.050397805530018047e+01
4.059821876651385963e+01
4.069116239519252076e+01
4.078331519100368041e+01
4.087469282407454330e+01
4.096527441333170572e+01
4.105487846042289846e+01
4.114302727108523072e+01
4.123077789871944532e+01
4.131752052770920614e+01
4.140338711790674608e+01
4.148860820149375428e+01
4.157284201652230848e+01
4.165625856348423639e+01
4.173893194941258145e+01
4.182108164622013646e+01
4.190204496380904686e+01
4.198211034671575703e+01
4.206132739298283241e+01
4.214008271067637423e+01
4.221731831037044458e+01
4.229449097504785726e+01
4.237074686733444651e+01
4.244670877479450155e+01
4.252105810717076650e+01
4.259513060294432307e+01
4.266813971396670979e+01
4.274046955280011417e+01
4.281177422887332540e+01
4.288289239589242641e+01
4.295300352397670451e+01
4.302259485901637959e+01
4.309152480090586579e+01
4.315958089837624811e+01
4.322698350147249613e+01
4.329371207853367309e+01
4.335983968976173486e+01
4.342553582346979368e+01
4.349037349530683372e+01
4.355444696011787897e+01
4.361827467163191585e+01
4.368101000489159702e+01
4.374333027709654687e+01
4.380494698770998241e+01
4.386608216323831755e+01
4.392653328572022531e+01
4.398602602344698198e+01
4.404558887611215567e+01
4.410406230633661551e+01
4.416214305281707198e+01
4.421966603790221484e+01
4.427674498288063631e+01
4.433320796350296433e+01
4.438894978328480079e+01
4.444428915059503282e+01
4.449916826969948858e+01
4.455306464931123145e+01
4.460680871306495732e+01
4.465985052749649498e+01
4.471241455623307814e+01
4.476433310059303494e+01
4.481584078814756111e+01
4.486704788952205547e+01
4.491734856341706461e+01
4.496743153230590906e+01
4.501671635706262720e+01
4.506569474973443334e+01
4.511425620794658187e+01
4.516225993059942567e+01
4.520957417671043288e+01
4.525669802343655590e+01
4.530328065278441585e+01
4.534940207444570603e+01
4.539486566774101561e+01
4.544014622697707040e+01
4.548504568351984290e+01
4.552945621594371062e+01
4.557322059952085880e+01
4.561662126084028301e+01
4.565965679305502078e+01
4.570230032611943471e+01
4.574435287590398502e+01
4.578592642237230592e+01
4.582730339985916856e+01
4.586802916343431491e+01
4.590832335181890755e+01
4.594835503219728423e+01
4.598822870440521626e+01
4.602734577784613634e+01
4.606609503990122789e+01
4.610458785527399783e+01
4.614268047948942808e+01
4.618036951191342609e+01
4.621771157253743212e+01
4.625469502223206320e+01
4.629161653047260216e+01
4.632757733909230780e+01
4.636359885652816359e+01
4.639901120185564309e+01
4.643434405878966231e+01
4.646885301053486472e+01
4.650321702469145180e+01
4.653722373315709149e+01
4.657110683676955176e+01
4.660440332773744387e+01
4.663763867691383069e+01
4.667037102071839882e+01
4.670269806630074783e+01
4.673482085044253864e+01
4.676654279936626324e+01
4.679796013860414661e+01
4.682921310898280609e+01
4.685992182076849843e+01
4.689059262171180364e+01
4.692071748423597910e+01
4.695070298747563697e+01
4.698028475668797199e+01
4.700969999303455893e+01
4.703874544539468161e+01
4.706741692846468794e+01
4.709597560899978674e+01
4.712400314426870551e+01
4.715195997563589003e+01
4.717957914548146903e+01
4.720689747550819249e+01
4.723396973517007780e+01
4.726066390503206804e+01
4.728728777622174562e+01
4.731353754733847694e+01
4.733950658955196644e+01
4.736528555847998234e+01
4.739066634315380355e+01
4.741588176855411518e+01
4.744080250857160763e+01
4.746558302095451154e+01
4.749009365981262931e+01
4.751431549684183864e+01
4.753825185702456935e+01
4.756198930027785110e+01
4.758543283891793152e+01
4.760872355762889185e+01
4.763182984873179748e+01
4.765455195070898498e+01
4.767711244738547549e+01
4.769949213880404670e+01
4.772164581572137365e+01
4.774354941554742737e+01
4.776521007136392427e+01
4.778672943085648939e+01
4.780797182084608465e+01
4.782910301420958632e+01
4.784980993876153121e+01
4.787045861334153329e+01
4.789088443105773507e+01
4.791110396479651712e+01
4.793105712577805377e+01
4.795089017470764503e+01
4.797047378666017181e+01
4.799000751081877070e+01
4.800921874755795216e+01
4.802823405742271490e+01
4.804704977328400872e+01
4.806573154164470907e+01
4.808422279110895659e+01
4.810250531079260128e+01
4.812050343368422745e+01
4.813858553451114375e+01
4.815626815917860881e+01
4.817382851473328031e+01
4.819113834746610081e+01
4.820839237406827493e+01
4.822541750840795061e+01
4.824233832324298277e+01
4.825896273219575505e+01
4.827552859671390451e+01
4.829193208328995723e+01
4.830811632086262364e+01
4.832402296124830343e+01
4.833999017998468162e+01
4.835569215380681385e+01
4.837126050721921189e+01
4.838667008838032757e+01
4.840201577955112811e+01
4.841713233265787153e+01
4.843216515214335516e+01
4.844682956864469503e+01
4.846154267368649471e+01
4.847607666010561189e+01
4.849052144483741245e+01
4.850473770401179507e+01
4.851886258923249784e+01
4.853279035809372033e+01
4.854665351618805147e+01
4.856031096692046845e+01
4.857385488162520204e+01
4.858720566611436453e+01
4.860052123223058373e+01
4.861359581648834194e+01
4.862663989381447038e+01
4.863951615558002572e+01
4.865224451624731472e+01
4.866485696155984186e+01
4.867741080984788482e+01
4.868977721951510773e+01
4.870200403198383299e+01
4.871402606741087027e+01
4.872605761562679305e+01
4.873796171304293523e+01
4.874965846985196549e+01
4.876126040464507838e+01
4.877282478525387432e+01
4.878421183459408184e+01
4.879547822781681532e+01
4.880668457959662021e+01
4.881779438590309894e+01
4.882873712944475386e+01
4.883957044555992866e+01
4.885024487955509187e+01
4.886093182172319871e+01
4.887147500072211415e+01
4.888184178544467784e+01
4.889211626675641043e+01
4.890235550799305742e+01
4.891249134423753731e+01
4.892247970964088921e+01
4.893232154760632824e+01
4.894216616434978562e+01
4.895190163553709795e+01
4.896150027127114157e+01
4.897098385433574208e+01
4.898043017229117169e+01
4.898971288557158488e+01
4.899896382179589693e+01
4.900808653435818485e+01
4.901713796485860541e+01
4.902606118489140385e+01
4.903498935928011093e+01
4.904373940557042033e+01
4.905241501444557173e+01
4.906098145103803176e+01
4.906949209715723725e+01
4.907793369190183341e+01
4.908627748582836148e+01
4.909451382434061628e+01
4.910269895592824696e+01
4.911078113179866023e+01
4.911879212899958702e+01
4.912671983400721842e+01
4.913458086355510090e+01
4.914235080723126714e+01
4.915005926192326768e+01
4.915765853537931207e+01
4.916518257266289993e+01
4.917267780752538187e+01
4.918005137495677559e+01
4.918742535021831941e+01
4.919467616651404995e+01
4.920185807207336381e+01
4.920893040717356826e+01
4.921597997032694138e+01
4.922294158495109428e+01
4.922983289229316028e+01
4.923666281301546377e+01
4.924343527264136355e+01
4.925012458369020862e+01
4.925673438750322930e+01
4.926329978294356238e+01
4.926979301752940188e+01
4.927621938721780737e+01
4.928258213094818529e+01
4.928885914951122516e+01
4.929511402614873106e+01
4.930128283963339442e+01
4.930740650550121273e+01
4.931343254557482680e+01
4.931943975427507354e+01
4.932535360356505549e+01
4.933122067227854757e+01
4.933703606136090514e+01
4.934277080283971628e+01
4.934845847480428915e+01
4.935411809953745887e+01
4.935969762350537593e+01
4.936521027153789731e+01
4.937067821448522409e+01
4.937608767693676270e+01
4.938146293520899377e+01
4.938676155613803331e+01
4.939200402956318925e+01
4.939721859406687088e+01
4.940239960320728585e+01
4.940749863951982945e+01
4.941256136295814372e+01
4.941755692421423873e+01
4.942252038760720723e+01
4.942740425997975251e+01
4.943227867400268138e+01
4.943705139916416869e+01
4.944181356426533114e+01
4.944652622076790038e+01
4.945119221772379348e+01
4.945578473841995049e+01
4.946038992288384151e+01
4.946490147484703925e+01
4.946937598640533196e+01
4.947380042327231564e+01
4.947817709825595500e+01
4.948251740646880847e+01
4.948680483091526128e+01
4.949108265831738152e+01
4.949526575661172245e+01
4.949946807249719427e+01
4.950358862510724833e+01
4.950766387399654178e+01
4.951171175921030709e+01
4.951573242050050538e+01
4.951970094574501502e+01
4.952362781737809172e+01
4.952748424152753159e+01
4.953133528343377634e+01
4.953514819690741433e+01
4.953890142617210302e+01
4.954263733953485627e+01
4.954632773981901295e+01
4.954997169598861717e+01
4.955360064482460558e+01
4.955718431353701448e+01
4.956075564348914497e+01
4.956427504657710159e+01
4.956776344296132208e+01
4.957119726445009888e+01
4.957461282174539008e+01
4.957799185340223858e+01
4.958134715057687458e+01
4.958464765685981490e+01
4.958793454100027986e+01
4.959116286242186078e+01
4.959437017016747973e+01
4.959755974932975420e+01
4.960071048996034904e+01
4.960383097287965626e+01
4.960691035340438759e+01
4.960996414562514900e+01
4.961299376594138977e+01
4.961600389410985912e+01
4.961894707918594349e+01
4.962189142299619959e+01
4.962480486737501195e+01
4.962769638448568088e+01
4.963053986435117793e+01
4.963335264902297439e+01
4.963615129206387877e+01
4.963891890248169858e+01
4.964165335363436071e+01
4.964436426010922787e+01
4.964705128193953243e+01
4.964970744332276809e+01
4.965233756980743607e+01
4.965493383410041162e+01
4.965750852369330914e+01
4.966006027726003680e+01
4.966257715310623411e+01
4.966506360079065274e+01
4.966754774685474416e+01
4.966999428733045363e+01
4.967241757744784536e+01
4.967482168682818866e+01
4.967719556260338720e+01
4.967954310590635458e+01
4.968187137559012001e+01
4.968417127839029490e+01
4.968644841094751996e+01
4.968872043923227722e+01
4.969095405073402105e+01
4.969316443815321804e+01
4.969536436968506621e+01
4.969754491280906450e+01
4.969970192730023939e+01
4.970183801138533397e+01
4.970394471232287259e+01
4.970603389928928095e+01
4.970808895199871813e+01
4.971013267212327236e+01
4.971215636063465837e+01
4.971417105520201574e+01
4.971614572690792500e+01
4.971810242284993819e+01
4.972004987642920781e+01
4.972198344828366601e+01
4.972388794714093763e+01
4.972577094377717088e+01
4.972764035002010274e+01
4.972948365194284293e+01
4.973131915826740368e+01
4.973314320919246256e+01
4.973493320123477446e+01
4.973671009818995969e+01
4.973846305997682293e+01
4.974020250369372320e+01
4.974193370454676710e+01
4.974363408878520687e+01
4.974532948486252337e+01
4.974700306824234275e+01
4.974865958405558786e+01
4.975029871366225365e+01
4.975192437817773339e+01
4.975352187642373991e+01
4.975511805817644273e+01
4.975669275727572938e+01
4.975824655608802516e+01
4.975978404390871646e+01
4.976132115605919637e+01
4.976283592704903924e+01
4.976433075009411056e+01
4.976581017938703155e+01
4.976727672567673721e+01
4.976872918871523410e+01
4.977017245868186279e+01
4.977159630301820670e+01
4.977300901593581273e+01
4.977440452576770724e+01
4.977579217091190600e+01
4.977715716940883084e+01
4.977851909970675592e+01
4.977985559165831830e+01
4.978118124501417441e+01
4.978249666943074203e+01
4.978380206724251877e+01
4.978508512199099556e+01
4.978636224333725124e+01
4.978762482319721272e+01
4.978887703056362568e+01
4.979011138680330362e+01
4.979133977947137168e+01
4.979255406623361324e+01
4.979375837463643251e+01
4.979494075897098071e+01
4.979612381235812535e+01
4.979728523418569353e+01
4.979844012432608480e+01
4.979957866256887655e+01
4.980070887219496001e+01
4.980182710724165673e+01
4.980293471473491707e+01
4.980403673869082581e+01
4.980512339231908214e+01
4.980619961007339924e+01
4.980726421293962147e+01
4.980831437097548076e+01
4.980935360956304692e+01
4.981038483448165977e+01
4.981141229999329312e+01
4.981242310489956537e+01
4.981343142840103155e+01
4.981441824375304606e+01
4.981540178064175706e+01
4.981637032155160227e+01
4.981733168335222928e+01
4.981828600821800990e+01
4.981922937266061524e+01
4.982016227458594670e+01
4.982108992181648688e+01
4.982200095880239132e+01
4.982290878451683369e+01
4.982380923908500137e+01
4.982469472949617995e+01
4.982557691277818179e+01
4.982644669988009412e+01
4.982730649449702298e+01
4.982816401405123230e+01
4.982900805219039597e+01
4.982984607853075687e+01
4.983067307159722503e+01
4.983149154849400020e+01
4.983229972795458451e+01
4.983310054961818736e+01
4.983390037135319517e+01
4.983468636047165035e+01
4.983546480191195371e+01
4.983623538166846600e+01
4.983699902064085308e+01
4.983775797695551546e+01
4.983850267055100147e+01
4.983924845359923950e+01
4.983997869522772106e+01
4.984070243471192896e+01
4.984141836061154862e+01
4.984213240377791010e+01
4.984283803586957617e+01
4.984353367645054789e+01
4.984422422866499858e+01
4.984490732739462970e+01
4.984558406981028611e+01
4.984625196371604972e+01
4.984691351098424406e+01
4.984756910073281944e+01
4.984821748321235901e+01
4.984885970429860436e+01
4.984950156813077626e+01
4.985013296831721874e+01
4.985076055734835165e+01
4.985137598566848283e+01
4.985198906191920543e+01
4.985259430744864773e+01
4.985319536379952154e+01
4.985378564922287126e+01
4.985437615837892622e+01
4.985495883787380222e+01
4.985553655662592831e+01
4.985610804091725612e+01
4.985667488554211957e+01
4.985723583762912625e+01
4.985778812977248720e+01
4.985833385575483589e+01
4.985887695112275253e+01
4.985941343160460093e+01
4.985994539970877781e+01
4.986046925270268559e+01
4.986099068686252167e+01
4.986150794056108282e+01
4.986201874228947162e+01
4.986252544931557651e+01
4.986302623657093847e+01
4.986352181732190303e+01
4.986401086911858016e+01
4.986449400834186463e+01
4.986497621895812671e+01
4.986545274885713752e+01
4.986592451345667598e+01
4.986639048512737560e+01
4.986685327816582003e+01
4.986731011445861128e+01
4.986776133904951536e+01
4.986821034176370659e+01
4.986865605487465558e+01
