4.996999999999999775e-01
7.439329999999784171e-01
1.236433250000024353e+00
1.477746611299970203e+00
1.991953655453083449e+00
2.448428879405053493e+00
2.936680484884384157e+00
3.401128647746382239e+00
3.868775658882517732e+00
4.348554917260887720e+00
4.795319662315228548e+00
5.241824849714041612e+00
5.691310618161277368e+00
6.123314217783737412e+00
6.545437808208171226e+00
6.971080687920127694e+00
7.390764223292813462e+00
7.825470028120879107e+00
8.237803277653412692e+00
8.648656934286771403e+00
9.059164426266816506e+00
9.474230931517128695e+00
9.881138618767016268e+00
1.028262808486242363e+01
1.068575953891059704e+01
1.109660478094521885e+01
1.148455251780187147e+01
1.188859415640582817e+01
1.229546332413728926e+01
1.269064264482932813e+01
1.307447316858051067e+01
1.346793976909581936e+01
1.385971914264737492e+01
1.424564285002545283e+01
1.462315977967518776e+01
1.499092223462104734e+01
1.536141406662343023e+01
1.572868359466584565e+01
1.609432809121296870e+01
1.646341129780966384e+01
1.683395475488141813e+01
1.719794496460622568e+01
1.755357452584562239e+01
1.791084061249961223e+01
1.825412373033326574e+01
1.860109929443243715e+01
1.894882492121977791e+01
1.930398498614984248e+01
1.964639582733051171e+01
1.997163242220995727e+01
2.031007281616660620e+01
2.064111580094051490e+01
2.097436294381815713e+01
2.131226131550135960e+01
2.164294500513452491e+01
2.196848072267148311e+01
2.229110284375462570e+01
2.260739726507929248e+01
2.291801654456722659e+01
2.323199602794328555e+01
2.354393002977020899e+01
2.385680732964874906e+01
2.416864730260672189e+01
2.447471434812041124e+01
2.476857534429586494e+01
2.506079858181631792e+01
2.535792967114635132e+01
2.565565934980674712e+01
2.594384821512647932e+01
2.623505326874572319e+01
2.651899169162446057e+01
2.680160939012037247e+01
2.708659031929359173e+01
2.736343988315254094e+01
2.764317749787318235e+01
2.792623536278659557e+01
2.819253281387378962e+01
2.846068726573071217e+01
2.873122854126896542e+01
2.899576448540480911e+01
2.925935565831181151e+01
2.953112129024134447e+01
2.979503744108022190e+01
3.004823772773250923e+01
3.030298995714674248e+01
3.055685446574816666e+01
3.080476752206417856e+01
3.105166137089651457e+01
3.129910081383992804e+01
3.154672319348770060e+01
3.178883385954388174e+01
3.203032649987763847e+01
3.226607212023431259e+01
3.250024570644391275e+01
3.273075569147034969e+01
3.296203974527740854e+01
3.319333534596689361e+01
3.342552450214846971e+01
3.364373968121773117e+01
3.387019908427814130e+01
3.408553591064922728e+01
3.430451732104249629e+01
3.452227753773518515e+01
3.473271032044813467e+01
3.493917524653890894e+01
3.514743935693955734e+01
3.535592972786496091e+01
3.556578097230237034e+01
3.577613441318209198e+01
3.598809590276458437e+01
3.619432951678864185e+01
3.639178247814473366e+01
3.659303604031937596e+01
3.678662392795925484e+01
3.698317296830577305e+01
3.717750467091053679e+01
3.736238202442608269e+01
3.755346361509013065e+01
3.774376458824354330e+01
3.793074125081762560e+01
3.811453087304425225e+01
3.829997996077992184e+01
3.847946663953696600e+01
3.865933711521375216e+01
3.883933569631663829e+01
3.901232413935716892e+01
3.918586576960171186e+01
3.936263893272004566e+01
3.953336246335820903e+01
3.970095661510467977e+01
3.986636039224062245e+01
4.004029590684778128e+01
4.020739703431409140e+01
4.037324749064509177e+01
4.053379824595369740e+01
4.069351594752930623e+01
4.084997955864468366e+01
4.100747784847864352e+01
4.116315131835806795e+01
4.131845527923069739e+01
4.147127571235852628e+01
4.162807079902015062e+01
4.177919406341415964e+01
4.192923376176299399e+01
4.207871392964512580e+01
4.222474323435984900e+01
4.237115653257398407e+01
4.252000843867426028e+01
4.266222020776750412e+01
4.280495595063337788e+01
4.294695083661081014e+01
4.308991545996454420e+01
4.322624135956480984e+01
4.336530810212018849e+01
4.349979329170166409e+01
4.363453417757833819e+01
4.376807359931943608e+01
4.390087620870069429e+01
4.403100212514075196e+01
4.416193070269846288e+01
4.429022816610332569e+01
4.441849178269102083e+01
4.454698420777032197e+01
4.467265651266772153e+01
4.479612940648304686e+01
4.492151018544620200e+01
4.504558058956659039e+01
4.516590889453762259e+01
4.528654931388307148e+01
4.540419035515589741e+01
4.552148817000012571e+01
4.564162967800847781e+01
4.576149288807602034e+01
4.587796062477423931e+01
4.599063643769568444e+01
4.610203046755039935e+01
4.621154318366772173e+01
4.631967377495770677e+01
4.643098497567738292e+01
4.654063703782467343e+01
4.665191179164741442e+01
4.675685192747349106e+01
4.685883213846711470e+01
4.696222437080152190e+01
4.706376444374558332e+01
4.716432027191023479e+01
4.726499636204120236e+01
4.736512373046789293e+01
4.746594273808149467e+01
4.756449656781227731e+01
4.766104265880382229e+01
4.775754726919754489e+01
4.785302875472520867e+01
4.794388992950007378e+01
4.803573518211463522e+01
4.812916972475249366e+01
4.822155834150929365e+01
4.830988863764138586e+01
4.839838822085012993e+01
4.848685540615782230e+01
4.857794818709391649e+01
4.866363354835247179e+01
4.874902670395974269e+01
4.883378692859650272e+01
4.891679864859937510e+01
4.900138836348426707e+01
4.908456455480094149e+01
4.916594742505009208e+01
4.924692444240961464e+01
4.932864607744173213e+01
4.941079853493142338e+01
4.949064199945702569e+01
4.956828569016582975e+01
4.964568200888363947e+01
4.972108222445803705e+01
4.979738775475413348e+01
4.987392270865471744e+01
4.994982783772228885e+01
5.002544350860542721e+01
5.009821098549188179e+01
5.017022887102783102e+01
5.024317558127130212e+01
5.031498469603131696e+01
5.038492737525920262e+01
5.045451800187123581e+01
5.052442358106958409e+01
5.059315552187667464e+01
5.066086308645980552e+01
5.072813625630419665e+01
5.079509707559780907e+01
5.086094231502825380e+01
5.092748307205457081e+01
5.099398007034042735e+01
5.105845622426524244e+01
5.112307777408141618e+01
5.118729815240197212e+01
5.124967268964640255e+01
5.131078611358395136e+01
5.137126096874962400e+01
5.143286027396685967e+01
5.149442617215360940e+01
5.155403655313743627e+01
5.161326165833350643e+01
5.167312074096071228e+01
5.172948837713976644e+01
5.178767894284514739e+01
5.184538886317223927e+01
5.190242143661984642e+01
5.195856113743725757e+01
5.201407393941499180e+01
5.206962334054096431e+01
5.212412773527636034e+01
5.217739591063506310e+01
5.223109094640511785e+01
5.228403879770270635e+01
5.233619507862319864e+01
5.238913478295918225e+01
5.244081223746143650e+01
5.249193551926058632e+01
5.254233282801938287e+01
5.259259270303618194e+01
5.264229191947016773e+01
5.269169532105878773e+01
5.274089632389440396e+01
5.278891520808628002e+01
5.283805037817401740e+01
5.288559681189471462e+01
5.293218265443483972e+01
5.297703092294190697e+01
5.302242853200480965e+01
5.306824730283657487e+01
5.311370633896977012e+01
5.315762563567344046e+01
5.320057180708145950e+01
5.324354068669570950e+01
5.328830550881048822e+01
5.333122450707720219e+01
5.337313344829023976e+01
5.341498424100196019e+01
5.345668906676239374e+01
5.349758111476833022e+01
5.353751219964605923e+01
5.357937697713728653e+01
5.361942683072602023e+01
5.365915682072527915e+01
5.369813028213862793e+01
5.373728980120307597e+01
5.377505178211899306e+01
5.381253573157880510e+01
5.384963936418424169e+01
5.388684914801545744e+01
5.392414314460435065e+01
5.396078252338017478e+01
5.399720283119695097e+01
5.403281617822068483e+01
5.406832607620663822e+01
5.410387397999377157e+01
5.413896532065619027e+01
5.417439625330809605e+01
5.420791743817474639e+01
5.424203028409085192e+01
5.427658366435811388e+01
5.431005131012673814e+01
5.434362205527777689e+01
5.437640956234936596e+01
5.440956875538446269e+01
5.444187924097279563e+01
5.447342324132060298e+01
5.450430335953381444e+01
5.453548843249001976e+01
5.456642374710470023e+01
5.459755465274051289e+01
5.462781784475548363e+01
5.465766651537045817e+01
5.468762143795677844e+01
5.471687612002602208e+01
5.474612219777720412e+01
5.477569589506843784e+01
5.480483880189365919e+01
5.483355657669228833e+01
5.486256878161135830e+01
5.489068330486881564e+01
5.491813141862157721e+01
5.494530505123638164e+01
5.497184861519171051e+01
5.499850056504534734e+01
5.502471983554107027e+01
5.505069186771924450e+01
5.507708520237415684e+01
5.510230954659092362e+01
5.512772420929064054e+01
5.515275184795869023e+01
5.517740121697825373e+01
5.520192024619353788e+01
5.522620105434896232e+01
5.525008381475545605e+01
5.527412050391698983e+01
5.529748742395224070e+01
5.532032611161611158e+01
5.534353290282398063e+01
5.536691771328444389e+01
5.538943208913309491e+01
5.541195926166994923e+01
5.543474501759467188e+01
5.545701613630774318e+01
5.547882743063541255e+01
5.550051327336160512e+01
5.552168564870528655e+01
5.554317304110652742e+01
5.556447552931975764e+01
5.558502796495476161e+01
5.560549530691940134e+01
5.562564456500620480e+01
5.564571900126998116e+01
5.566569244639333647e+01
5.568555644798173176e+01
5.570542293257000921e+01
5.572494971479770243e+01
5.574379937868113899e+01
5.576304057349157262e+01
5.578191225821726107e+01
5.580060585198420853e+01
5.581886529852518919e+01
5.583695777225033652e+01
5.585583591080061439e+01
5.587396642454412188e+01
5.589183984479565481e+01
5.590922940692952636e+01
5.592659610978036966e+01
5.594397053776803830e+01
5.596113724721366367e+01
5.597783678628379533e+01
5.599434792399431871e+01
5.601115075371374985e+01
5.602818417495679171e+01
5.604446108105102553e+01
5.606033989182380139e+01
5.607643990928130506e+01
5.609171610707628730e+01
5.610760879417242109e+01
5.612301335032034189e+01
5.613896565815959150e+01
5.615448311243136459e+01
5.616950254117141128e+01
5.618424739098900744e+01
5.619908481248983634e+01
5.621386684150670021e+01
5.622831490080801586e+01
5.624287972284800219e+01
5.625722672060268081e+01
5.627173789885587496e+01
5.628610003533964345e+01
5.629990419230836096e+01
5.631376867437714395e+01
5.632743540606062993e+01
5.634120707872002498e+01
5.635435517547754358e+01
5.636734404123387066e+01
5.638046492315020686e+01
5.639342739843922914e+01
5.640596406484653613e+01
5.641848376798115083e+01
5.643130051417873716e+01
5.644404482860631589e+01
5.645622544617511807e+01
5.646859494608285956e+01
5.648063625990805292e+01
5.649253708328848234e+01
5.650458226250231064e+01
5.651613803177342277e+01
5.652748083840020854e+01
5.653901879584775259e+01
5.655033158713860786e+01
5.656135010265587226e+01
5.657256720348432566e+01
5.658380490460505285e+01
5.659485839326558931e+01
5.660570299361106095e+01
5.661652003986498016e+01
5.662731789676021776e+01
5.663793142929915092e+01
5.664836760470339527e+01
5.665866919995664830e+01
5.666883786304530446e+01
5.667897112528265069e+01
5.668901282852346668e+01
5.669883938631819120e+01
5.670867168053317897e+01
5.671824849931269341e+01
5.672785964778351797e+01
5.673731758923643298e+01
5.674676639540378176e+01
5.675610900109169421e+01
5.676507860529667227e+01
5.677417789642515089e+01
5.678314705008855157e+01
5.679217777434650571e+01
5.680100928262756099e+01
5.680973899837036356e+01
5.681854759398621724e+01
5.682723928345430409e+01
5.683576797072171161e+01
5.684435613529953457e+01
5.685281297640147358e+01
5.686114602929727369e+01
5.686929183074287408e+01
5.687749749520713038e+01
5.688552036939472600e+01
5.689353060710747911e+01
5.690136859534555924e+01
5.690921182719232974e+01
5.691689168914606256e+01
5.692451816944686982e+01
5.693198935268226535e+01
5.693948701699434167e+01
5.694679093339840392e+01
5.695417006816068550e+01
5.696148958294992326e+01
5.696870784326991100e+01
5.697582316596701446e+01
5.698286831761347315e+01
5.698978370410765137e+01
5.699663089936851890e+01
5.700335244238701193e+01
5.701020678662788299e+01
5.701708972758905958e+01
5.702383633606805091e+01
5.703036442877778001e+01
5.703689158772620260e+01
5.704319466446818865e+01
5.704947112921608010e+01
5.705591346815423748e+01
5.706214077226595549e+01
5.706829459889017642e+01
5.707455497979773185e+01
5.708061253187275952e+01
5.708671738877539781e+01
5.709274877832457662e+01
5.709856985990203526e+01
5.710448041335570224e+01
5.711025715168442218e+01
5.711595942142171367e+01
5.712156766335535707e+01
5.712712761756207414e+01
5.713267672935148056e+01
5.713821160374529740e+01
5.714362230443524027e+01
5.714900210952499293e+01
5.715423990573065538e+01
5.715966089137511119e+01
5.716497971708827919e+01
5.717016767542403954e+01
5.717534434151659894e+01
5.718058273597041818e+01
5.718571919638570478e+01
5.719074072849899437e+01
5.719558960917345303e+01
5.720041302450326981e+01
5.720528541209116469e+01
5.721009513841555361e+01
5.721492247230678174e+01
5.721962022313154250e+01
5.722428451988190545e+01
5.722888432273185799e+01
5.723346716082035357e+01
5.723800854445286035e+01
5.724244945903298287e+01
5.724685392582258459e+01
5.725121556052009453e+01
5.725554798426939840e+01
5.725977171928326470e+01
5.726397557160564133e+01
5.726817465885558534e+01
5.727233694439665612e+01
5.727648614748076028e+01
5.728063454572492930e+01
5.728471292809388871e+01
5.728872172621069581e+01
5.729260709233673765e+01
5.729658497031348219e+01
5.730050318554867061e+01
5.730432635544767805e+01
5.730820030764088813e+01
5.731201205538085475e+01
5.731581201329620257e+01
5.731954279659435514e+01
5.732316240254995421e+01
5.732676685007739792e+01
5.733032533538942488e+01
5.733391991135892596e+01
5.733745812877630499e+01
5.734098117268441541e+01
5.734433941974106830e+01
5.734770794160608176e+01
5.735110113672559606e+01
5.735447796346088012e+01
5.735779173699247480e+01
5.736104836371760740e+01
5.736420963818741825e+01
5.736746539211450369e+01
5.737072507088350903e+01
5.737390124016328485e+01
5.737702841575953983e+01
5.738010555396120793e+01
5.738316585426709793e+01
5.738617214331328853e+01
5.738918809662526144e+01
5.739215996106970152e+01
5.739505505849500366e+01
5.739802359599995185e+01
5.740097715630393083e+01
5.740385710418514265e+01
5.740670123965130500e+01
5.740954701926133197e+01
5.741229637099071681e+01
5.741502276563355878e+01
5.741771665675279479e+01
5.742044066795465795e+01
5.742311616419100062e+01
5.742576018464859544e+01
5.742838423605189746e+01
5.743097279319626125e+01
5.743355977720376160e+01
5.743613868173144255e+01
5.743865760832775891e+01
5.744109083133042759e+01
5.744356944691684674e+01
5.744598474154133783e+01
5.744841867695924265e+01
5.745074222774967865e+01
5.745312577705560386e+01
5.745550351623642626e+01
5.745787404848913127e+01
5.746011329805854473e+01
5.746242635011387989e+01
5.746468442423895340e+01
5.746695450761976787e+01
5.746913370501751928e+01
5.747130791126157590e+01
5.747353314399947521e+01
5.747565055749836915e+01
5.747778289374927851e+01
5.747987546229293798e+01
5.748199532270278667e+01
5.748404822633712286e+01
5.748606382293915118e+01
5.748811546147348395e+01
5.749012712475395404e+01
5.749208774002325839e+01
5.749406366903792076e+01
5.749599058663211792e+01
5.749785848140608380e+01
5.749976634044002566e+01
5.750166518405789873e+01
5.750349701467474262e+01
5.750533354045933976e+01
5.750715195135190072e+01
5.750896060546774180e+01
5.751078699911715120e+01
5.751258856971366384e+01
5.751437693462257528e+01
5.751612551105765192e+01
5.751788488752390549e+01
5.751955292915717877e+01
5.752126066028692009e+01
5.752295634581343364e+01
5.752459069482140563e+01
5.752621161445335218e+01
5.752782076330791483e+01
5.752941052514761822e+01
5.753094654354620729e+01
5.753252491011582492e+01
5.753407939231655632e+01
5.753562065118649116e+01
5.753710951611864033e+01
5.753859383464300947e+01
5.754006085266576775e+01
5.754152881061205704e+01
5.754300195841057075e+01
5.754443752488477770e+01
5.754586345667080849e+01
5.754728700829770816e+01
5.754869805954489692e+01
5.755010931515203509e+01
5.755152459801012554e+01
5.755292236083836599e+01
5.755426021740720444e+01
5.755562521446347546e+01
5.755695877350142808e+01
5.755823155731507512e+01
5.755950886945731781e+01
5.756075262636088041e+01
5.756199981231353036e+01
5.756325006174473202e+01
5.756447259958545004e+01
5.756573874139014180e+01
5.756698887201608272e+01
5.756821224140517756e+01
5.756942452618581996e+01
5.757062533817199323e+01
5.757179869675950812e+01
5.757296159599597019e+01
5.757413588849185260e+01
5.757528298319341786e+01
5.757641582507169886e+01
5.757751882514408948e+01
5.757863987806421591e+01
5.757971837914188740e+01
5.758082113149782089e+01
5.758189492546986799e+01
5.758293877490562096e+01
5.758400200408819103e+01
5.758505588446059420e+01
5.758607748386324232e+01
5.758711668171322628e+01
5.758812915952952949e+01
5.758911932049149129e+01
5.759011802412607750e+01
5.759111170847468486e+01
5.759207006809009499e+01
5.759301029065001387e+01
5.759396951110053209e+01
5.759493281048561641e+01
5.759586272778744842e+01
5.759679143592853734e+01
5.759770560100803749e+01
5.759862078349566872e+01
5.759952301194485358e+01
5.760039169015295357e+01
5.760124843587517063e+01
5.760211684569659241e+01
5.760299978177614122e+01
5.760384729437526374e+01
5.760468321403737946e+01
5.760551694776833642e+01
5.760634675804614346e+01
5.760717320019090693e+01
5.760798849388147858e+01
5.760878772795053493e+01
5.760958103530055041e+01
5.761037695729240227e+01
5.761115607612755696e+01
5.761192223486687425e+01
5.761269357728222218e+01
5.761346795869884119e+01
5.761421084998338671e+01
5.761495411486272644e+01
5.761568984677536776e+01
5.761641077276061651e+01
5.761713746794101354e+01
5.761783849920914236e+01
5.761854581853923207e+01
5.761925236116695714e+01
5.761994579373706671e+01
5.762062901938019621e+01
5.762131004116006494e+01
5.762199112588588434e+01
5.762264779896603528e+01
5.762330239624106554e+01
5.762395453787836885e+01
